00
00
00
00
00
00
00
00
00
00
00
00
00
00
00
00
00
00
00
00
00
00
00
00
00
00
00
00
00
00
00
00
00
00
00
00
00
00
00
00
00
00
00
00
00
00
00
00
00
00
00
00
00
00
00
00
00
00
00
00
00
00
00
00
00
00
00
00
00
00
00
00
00
00
00
00
00
00
00
00
00
00
00
00
00
00
00
00
00
00
00
00
00
00
00
00
00
00
00
00
00
00
00
00
00
00
00
00
00
00
00
00
00
00
00
00
00
00
00
00
00
00
00
00
00
00
00
00
00
00
00
00
00
00
00
00
00
00
00
00
00
00
00
00
00
00
00
00
00
00
00
00
00
00
00
00
00
00
00
00
00
00
00
00
00
00
00
00
00
00
00
00
00
00
00
00
00
00
00
00
00
00
00
00
00
00
00
00
00
00
00
00
00
00
00
00
00
00
00
00
00
00
00
00
00
00
00
00
00
00
00
00
00
00
00
00
00
00
00
00
00
00
00
00
00
00
00
00
00
00
00
00
00
00
00
00
00
00
00
00
00
00
00
00
00
00
00
00
00
00
00
00
00
00
00
00
00
00
00
00
00
00
00
00
00
00
00
00
00
00
00
00
00
00
00
00
00
00
00
00
00
00
00
00
00
00
00
00
00
00
00
00
00
00
00
00
00
00
00
00
00
00
00
00
00
00
00
00
00
00
00
00
00
00
00
00
00
00
00
00
00
00
00
00
00
00
00
00
00
00
00
00
00
00
00
00
00
00
00
00
00
00
00
00
00
00
00
00
00
00
00
00
00
00
00
00
00
00
00
00
00
00
00
00
00
00
00
00
00
00
00
00
00
00
00
00
00
00
00
00
00
00
00
00
00
00
00
00
00
00
00
00
00
00
00
00
00
00
00
00
00
00
00
00
00
00
00
00
00
00
00
00
00
00
00
00
00
00
00
00
00
00
00
00
00
00
00
00
00
00
00
00
00
00
00
00
00
00
00
00
00
00
00
00
00
00
00
00
00
00
00
00
00
00
00
00
00
00
00
00
00
00
00
00
00
00
00
00
00
00
00
00
00
00
00
00
00
00
00
00
00
00
00
00
00
00
00
00
00
00
00
00
00
00
00
00
00
00
00
00
00
00
00
00
00
00
00
00
00
00
00
00
10
21
10
7f
00
ad
0f
7e
10
9f
00
00
00
00
00
fe
10
9d
82
00
00
00
fe
23
00
00
fa
04
10
21
40
04
04
05
05
05
05
05
03
03
03
03
6e
17
00
21
21
70
00
00
60
38
01
00
00
00
00
01
74
01
4a
00
60
60
c0
80
40
02
01
40
00
00
01
4d
60
80
40
80
04
02
60
00
00
01
4a
c0
80
40
02
04
60
00
00
01
48
01
02
40
80
c0
60
00
00
01
45
00
21
61
00
60
60
2a
01
00
00
00
00
01
65
01
3b
60
c0
80
40
01
01
40
00
00
01
3f
80
40
60
26
40
00
40
00
60
00
00
00
01
01
0a
00
60
00
01
3a
00
04
fd
00
60
60
80
40
00
40
00
60
00
00
00
01
01
08
00
00
00
01
00
34
00
04
fd
02
04
40
60
c0
80
00
00
01
30
00
01
00
02
40
60
60
c0
00
00
2e
00
f8
00
00
00
00
00
00
00
02
02
02
02
02
02
02
02
05
05
05
05
05
05
05
05
07
07
07
07
07
07
07
07
34
34
01
00
6f
00
72
00
00
00
01
01
01
01
02
02
02
02
03
03
03
03
04
04
04
04
05
05
05
05
06
06
06
06
07
07
07
07
08
30
00
00
00
f1
00
00
00
0f
00
ff
ec
00
08
00
00
10
21
08
00
40
04
00
00
00
00
fe
10
00
00
40
f1
00
04
00
00
04
20
00
00
00
00
00
fe
40
00
04
24
00
00
00
00
fe
00
00
40
04
00
00
00
00
fe
60
00
9f
60
04
04
00
20
00
00
00
00
ff
40
00
24
04
00
00
00
00
fe
00
fe
00
10
00
00
00
21
00
00
00
00
00
32
00
12
21
3e
00
00
00
44
01
01
01
02
00
fa
04
10
03
00
21
04
04
05
05
05
05
05
00
00
00
00
00
00
17
06
01
21
02
01
01
01
01
03
03
02
00
00
00
00
26
00
12
21
32
00
01
00
37
05
05
05
05
04
04
04
04
03
06
00
ff
03
80
00
60
00
00
60
00
80
01
80
00
00
00
01
01
00
00
00
00
01
00
00
00
00
00
00
fc
00
01
03
00
00
7f
7f
00
00
00
00
00
00
fe
01
00
60
10
40
00
60
80
80
00
00
80
00
00
00
00
00
00
02
60
60
40
80
10
60
00
00
00
00
00
60
60
40
80
10
60
00
00
00
00
00
06
00
0b
00
0b
00
03
00
00
00
00
00
00
00
00
00
00
60
00
00
00
00
00
08
1f
01
01
00
01
00
10
00
20
01
00
00
00
00
00
00
00
fc
01
00
fc
00
0a
fb
00
00
ff
00
00
00
00
00
00
00
00
00
00
00
00
01
00
01
00
01
00
01
00
01
00
00
00
00
00
00
fe
d7
00
00
00
00
00
00
00
00
00
00
00
00
00
00
00
00
00
00
00
00
01
00
ff
04
00
00
ff
00
01
00
ff
03
00
00
00
00
02
00
fc
fc
00
00
ff
00
ff
00
cb
ff
00
01
00
01
00
00
00
00
00
c8
02
00
00
00
00
00
00
00
00
fe
00
00
00
00
01
00
00
b2
30
00
88
30
00
80
00
00
00
02
00
00
00
00
00
00
00
00
00
00
00
00
00
00
00
00
00
00
00
00
00
00
00
00
00
00
00
00
00
00
00
00
00
00
00
00
00
00
00
00
00
00
00
00
00
00
00
00
00
00
00
00
00
00
00
00
00
00
00
00
00
00
00
00
00
00
00
00
00
00
00
00
00
00
00
00
01
00
00
00
00
00
00
00
00
00
00
00
00
00
00
00
00
00
00
00
00
00
00
00
00
00
00
00
00
00
00
00
00
00
00
00
00
00
00
00
00
00
00
00
00
00
00
00
00
00
00
00
00
00
00
00
00
00
00
00
00
00
60
60
60
00
