00
00
00
00
00
00
00
00
00
00
00
00
00
00
00
00
00
00
00
00
00
00
00
00
00
00
00
00
00
00
00
00
00
00
00
00
00
00
00
00
00
00
00
00
00
00
00
00
00
00
00
00
00
00
00
00
00
00
00
00
00
00
00
00
00
00
00
00
00
00
00
00
00
00
00
00
00
00
00
00
00
00
00
00
00
00
00
00
00
00
00
00
00
00
00
00
00
00
00
00
00
00
00
00
00
00
00
00
00
00
00
00
00
00
00
00
00
00
00
00
00
00
00
00
00
00
00
00
00
00
00
00
00
00
00
00
00
00
00
00
00
00
00
00
00
00
00
00
00
00
00
00
00
00
00
00
00
00
00
00
00
00
00
00
00
00
00
00
00
00
00
00
00
00
00
00
00
00
00
00
00
00
00
00
00
00
00
00
00
00
00
00
00
00
00
00
00
00
00
00
00
00
00
00
00
00
00
00
00
00
00
00
00
00
00
00
00
00
00
00
00
00
00
00
00
00
00
00
00
00
00
00
00
00
00
00
00
00
00
00
00
00
00
00
00
00
00
00
00
00
00
00
00
00
00
00
00
00
00
00
00
00
00
00
00
00
00
00
00
00
00
00
00
00
00
00
00
00
00
00
00
00
00
00
00
00
00
00
00
00
00
00
00
00
00
00
00
00
00
00
00
00
00
00
00
00
00
00
00
00
00
00
00
00
00
00
00
00
00
00
00
00
00
00
00
00
00
00
00
00
00
00
00
00
00
00
00
00
00
00
00
00
00
00
00
00
00
00
00
00
00
00
00
00
00
00
00
00
00
00
00
00
00
00
00
00
00
00
00
00
00
00
00
00
00
00
00
00
00
00
00
00
00
00
00
00
00
00
00
00
00
00
00
00
00
00
00
00
00
00
00
00
00
00
00
00
00
00
00
00
00
00
00
00
00
00
00
00
00
00
00
00
00
00
00
00
00
00
00
00
00
00
00
00
00
00
00
00
00
00
00
00
00
00
00
00
00
00
00
00
00
00
00
00
00
00
00
00
00
00
00
00
00
00
00
00
00
00
00
00
00
00
00
00
00
00
00
00
00
00
00
00
00
00
00
00
00
00
00
00
00
00
00
00
00
00
00
00
00
00
00
00
00
00
00
00
00
00
00
00
00
00
97
93
17
13
17
13
97
93
17
13
63
83
23
13
93
e3
17
13
93
63
23
13
e3
ef
ef
6f
13
23
37
13
b7
23
23
23
23
23
23
23
23
23
23
23
ef
ef
93
13
93
ef
03
b7
b7
ef
03
83
03
93
93
13
ef
13
ef
93
37
37
93
93
13
93
13
13
93
13
23
ef
37
93
93
13
93
13
37
93
13
23
ef
93
93
13
93
13
37
93
13
23
ef
93
13
93
13
93
37
93
13
23
ef
93
13
ef
03
37
37
ef
03
83
03
93
93
13
ef
13
ef
37
93
93
13
93
13
13
93
13
23
ef
13
93
37
ef
13
93
93
37
b7
13
93
93
23
93
13
93
37
13
33
ef
93
13
e3
b7
b7
b7
13
13
13
93
37
b7
13
93
93
23
93
13
93
13
13
33
13
ef
93
13
e3
93
13
93
37
93
13
93
13
23
ef
93
23
93
13
93
37
b7
13
93
13
ef
6f
13
23
23
23
23
23
23
23
23
23
23
23
23
23
23
23
23
23
23
23
23
23
23
23
23
23
23
23
23
23
23
23
73
f3
13
63
ef
6f
ef
83
03
83
03
83
03
83
03
83
03
83
03
83
03
83
03
83
03
83
03
83
03
83
03
83
03
83
03
83
03
83
13
73
6f
6f
b7
93
23
67
b7
93
23
b7
93
23
93
23
67
b7
83
63
93
33
93
83
33
93
23
e3
b7
93
b7
33
93
37
23
13
93
13
93
6f
03
93
b3
23
e3
33
93
93
13
03
b3
93
23
e3
67
93
33
93
83
33
93
23
e3
b7
03
b7
b7
93
23
b3
13
83
33
93
23
e3
33
93
13
13
83
33
93
23
e3
67
13
23
b7
23
93
13
13
23
23
23
23
23
ef
b7
93
13
ef
93
13
13
ef
83
03
83
13
67
13
23
37
23
93
13
23
23
23
23
23
23
23
93
13
13
13
93
93
ef
83
93
13
23
23
23
23
23
23
23
23
23
23
23
23
ef
b7
93
13
ef
93
13
13
ef
83
03
83
03
83
03
83
03
83
13
67
13
0f
13
83
37
93
63
37
37
13
33
93
b7
03
83
b3
33
b3
23
83
83
13
b3
23
83
03
b3
23
e3
93
23
0f
23
83
93
13
63
13
83
93
23
83
e3
13
67
b7
93
13
23
b7
23
93
23
23
23
23
23
23
67
93
23
63
b7
37
93
13
93
37
23
23
23
23
67
b7
37
93
13
93
37
23
23
23
23
67
63
13
63
13
63
13
63
23
23
23
23
23
23
23
23
67
23
b7
23
23
23
23
23
93
13
23
23
67
93
13
37
13
13
33
03
23
23
23
23
23
23
6f
93
13
6f
93
13
6f
83
03
13
23
23
23
23
03
13
93
23
03
23
03
23
03
23
03
23
03
23
03
23
83
83
13
33
63
23
93
e3
ef
83
13
83
23
83
13
23
03
83
03
23
03
83
23
83
13
23
83
83
23
13
67
93
63
03
13
13
13
6f
13
93
63
83
93
13
33
63
93
e3
e3
13
67
13
67
13
67
6f
13
23
03
23
23
23
93
13
63
13
ef
63
13
93
03
b3
33
03
93
23
e3
83
03
83
03
13
67
b7
93
73
b7
93
73
67
b7
13
63
13
63
93
63
67
17
67
17
67
17
67
6f
0f
0a
58
a2
65
83
88
69
6a
40
43
76
4d
0c
85
80
11
23
5e
76
72
06
39
0e
98
37
5d
2c
06
12
5a
2c
03
7a
32
4c
73
28
7b
38
00
6b
60
87
ac
0f
24
29
30
03
15
ad
10
6a
08
83
31
88
6e
1d
c4
36
1e
89
00
7b
33
5f
5f
60
3a
8b
26
37
69
0a
47
0f
97
5c
63
26
43
4c
2c
35
80
74
66
1a
66
f0
0b
01
0a
1c
1c
be
8f
9c
70
71
05
06
06
20
6d
91
15
01
1e
17
01
1a
04
73
f1
0e
3f
96
76
07
b3
9b
21
3b
0d
26
00
00
00
00
