00
00
00
00
00
00
00
00
00
00
00
00
00
00
00
00
00
00
00
00
00
00
00
00
00
00
00
00
00
00
00
00
00
00
00
00
00
00
00
00
00
00
00
00
00
00
00
00
00
00
00
00
00
00
00
00
00
00
00
00
00
00
00
00
00
00
00
00
00
00
00
00
00
00
00
00
00
00
00
00
00
00
00
00
00
00
00
00
00
00
00
00
00
00
00
00
00
00
00
00
00
00
00
00
00
00
00
00
00
00
00
00
00
00
00
00
00
00
00
00
00
00
00
00
00
00
00
00
00
00
00
00
00
00
00
00
00
00
00
00
00
00
00
00
00
00
00
00
00
00
00
00
00
00
00
00
00
00
00
00
00
00
00
00
00
00
00
00
00
00
00
00
00
00
00
00
00
00
00
00
00
00
00
00
00
00
00
00
00
00
00
00
00
00
00
00
00
00
00
00
00
00
00
00
00
00
00
00
00
00
00
00
00
00
00
00
00
00
00
00
00
00
00
00
00
00
00
00
00
00
00
00
00
00
00
00
00
00
00
00
00
00
00
00
00
00
00
00
00
00
00
00
00
00
00
00
00
00
00
00
00
00
00
00
00
00
00
00
00
00
00
00
00
00
00
00
00
00
00
00
00
00
00
00
00
00
00
00
00
00
00
00
00
00
00
00
00
00
00
00
00
00
00
00
00
00
00
00
00
00
00
00
00
00
00
00
00
00
00
00
00
00
00
00
00
00
00
00
00
00
00
00
00
00
00
00
00
00
00
00
00
00
00
00
00
00
00
00
00
00
00
00
00
00
00
00
00
00
00
00
00
00
00
00
00
00
00
00
00
00
00
00
00
00
00
00
00
00
00
00
00
00
00
00
00
00
00
00
00
00
00
00
00
00
00
00
00
00
00
00
00
00
00
00
00
00
00
00
00
00
00
00
00
00
00
00
00
00
00
00
00
00
00
00
00
00
00
00
00
00
00
00
00
00
00
00
00
00
00
00
00
00
00
00
00
00
00
00
00
00
00
00
00
00
00
00
00
00
00
00
00
00
00
00
00
00
00
00
00
00
00
00
00
00
00
00
00
00
00
00
00
00
00
00
00
00
00
00
00
00
00
00
00
00
00
00
00
00
00
00
00
00
00
00
00
00
00
00
00
00
00
00
00
01
00
81
00
85
ff
85
00
06
c5
05
55
45
45
c5
00
05
81
b5
05
45
b5
50
80
00
01
81
00
c4
00
11
91
21
31
41
51
61
71
81
91
a1
40
50
00
c4
c4
80
84
01
01
00
04
c4
84
19
00
01
00
01
40
19
01
00
0a
0a
0b
00
00
07
10
00
31
80
01
09
0a
0a
00
00
00
00
00
31
c0
09
09
0a
00
00
00
10
00
31
40
00
00
0b
09
0a
00
00
00
31
c0
10
c4
80
84
01
02
00
04
c4
84
09
10
01
00
01
40
00
09
09
0a
00
00
07
00
10
31
00
09
0b
01
40
09
00
0a
00
05
04
09
04
31
00
10
0b
01
20
64
00
14
09
54
01
01
01
0a
0a
1c
09
00
06
04
09
04
41
00
00
0d
09
20
84
04
00
14
09
74
00
00
0a
06
0a
0a
04
20
41
c0
4c
91
20
00
0a
06
01
0a
0b
20
00
00
01
11
21
31
41
51
61
71
81
91
a1
b1
c1
d1
e1
f1
01
11
21
31
41
51
61
71
81
91
a1
b1
c1
d1
e1
f1
20
10
f5
06
80
80
80
41
81
c1
01
41
81
c1
01
41
81
c1
01
41
81
c1
01
41
81
c1
01
41
81
c1
01
41
81
c1
01
41
81
c1
01
20
00
00
8f
87
f5
00
6a
b7
f5
45
c7
f5
e0
f5
00
00
07
07
05
f5
05
07
f8
47
d7
b7
00
05
8f
b5
87
24
f5
f7
45
08
05
c0
07
47
f8
e6
b7
c5
06
06
45
07
f7
47
c6
f5
00
05
f5
05
07
f8
47
d7
b7
12
07
ed
12
45
e5
b5
07
07
f5
47
d7
07
c5
06
45
06
07
f5
47
d7
f6
00
01
91
00
81
05
05
c4
11
01
01
01
01
40
07
05
c4
c0
01
04
40
00
c1
81
41
01
00
01
81
00
71
05
c4
11
91
21
31
41
51
61
06
06
07
08
08
07
c0
01
01
c4
f1
71
61
51
41
31
21
91
01
01
01
01
00
07
05
c4
80
01
01
40
c0
c1
81
41
01
c1
81
41
01
c1
01
00
01
30
41
0e
70
1e
07
70
00
08
07
81
00
07
07
07
17
a6
d7
05
07
07
b6
d7
06
07
c6
d7
e3
1e
de
30
01
c1
f0
f0
d7
00
c1
17
f1
c1
f7
01
00
01
07
07
f5
01
01
07
b5
05
01
d5
e5
f5
00
15
b5
05
01
01
07
07
07
01
c5
f5
d5
e5
00
01
01
07
07
07
01
c5
f5
d5
e5
00
05
10
05
20
05
30
05
b5
c5
d5
e5
f5
05
05
05
00
d5
07
b5
c5
d5
e5
f5
00
40
05
15
00
00
10
00
25
03
c3
03
b5
c5
d5
65
e5
f5
1f
00
30
9f
20
10
df
45
05
01
81
91
11
e7
45
05
05
e7
85
e7
c5
e7
05
e7
45
e7
85
e7
c5
e7
85
85
26
f7
06
07
47
e7
5f
04
20
c1
e7
04
00
07
04
04
81
e7
44
04
e7
04
10
07
04
41
e7
01
00
f5
05
05
00
f0
45
00
17
f6
06
05
17
47
b7
06
27
07
07
00
00
e0
00
f0
00
9f
01
81
85
91
21
11
05
05
86
06
df
04
24
00
84
f9
e7
07
47
e6
f6
c1
81
41
01
01
00
00
47
57
00
87
07
00
00
77
e5
b7
e5
37
f5
00
00
00
00
00
00
00
00
24
71
4b
97
6a
7d
0c
0b
64
50
30
c4
12
17
39
d1
5e
48
82
b5
3a
23
0d
4f
70
28
57
73
b1
78
8b
ca
00
8e
6f
01
49
21
44
64
b8
4d
8f
a3
4f
25
96
68
0d
6e
ba
cc
00
2b
07
3e
39
a0
6a
01
24
0e
45
74
49
29
23
38
3b
20
a7
2e
75
7c
12
02
02
3a
15
04
14
41
02
41
a5
92
4a
81
56
1c
47
b0
13
e1
69
96
2e
9e
48
23
4b
aa
17
1a
0b
61
01
7e
76
02
15
17
6d
67
07
08
56
6c
87
5d
db
2e
78
01
3e
a6
05
2e
00
00
02
00
