00
00
00
00
00
00
00
00
00
00
00
00
00
00
00
00
00
00
00
00
00
00
00
00
00
00
00
00
00
00
00
00
00
00
00
00
00
00
00
00
00
00
00
00
00
00
00
00
00
00
00
00
00
00
00
00
00
00
00
00
00
00
00
00
00
00
00
00
00
00
00
00
00
00
00
00
00
00
00
00
00
00
00
00
00
00
00
00
00
00
00
00
00
00
00
00
00
00
00
00
00
00
00
00
00
00
00
00
00
00
00
00
00
00
00
00
00
00
00
00
00
00
00
00
00
00
00
00
00
00
00
00
00
00
00
00
00
00
00
00
00
00
00
00
00
00
00
00
00
00
00
00
00
00
00
00
00
00
00
00
00
00
00
00
00
00
00
00
00
00
00
00
00
00
00
00
00
00
00
00
00
00
00
00
00
00
00
00
00
00
00
00
00
00
00
00
00
00
00
00
00
00
00
00
00
00
00
00
00
00
00
00
00
00
00
00
00
00
00
00
00
00
00
00
00
00
00
00
00
00
00
00
00
00
00
00
00
00
00
00
00
00
00
00
00
00
00
00
00
00
00
00
00
00
00
00
00
00
00
00
00
00
00
00
00
00
00
00
00
00
00
00
00
00
00
00
00
00
00
00
00
00
00
00
00
00
00
00
00
00
00
00
00
00
00
00
00
00
00
00
00
00
00
00
00
00
00
00
00
00
00
00
00
00
00
00
00
00
00
00
00
00
00
00
00
00
00
00
00
00
00
00
00
00
00
00
00
00
00
00
00
00
00
00
00
00
00
00
00
00
00
00
00
00
00
00
00
00
00
00
00
00
00
00
00
00
00
00
00
00
00
00
00
00
00
00
00
00
00
00
00
00
00
00
00
00
00
00
00
00
00
00
00
00
00
00
00
00
00
00
00
00
00
00
00
00
00
00
00
00
00
00
00
00
00
00
00
00
00
00
00
00
00
00
00
00
00
00
00
00
00
00
00
00
00
00
00
00
00
00
00
00
00
00
00
00
00
00
00
00
00
00
00
00
00
00
00
00
00
00
00
00
00
00
00
00
00
00
00
00
00
00
00
00
00
00
00
00
00
00
00
00
00
00
00
00
00
00
00
00
00
00
00
00
00
00
00
00
00
00
00
00
00
00
00
00
00
00
00
00
00
00
01
81
71
01
15
05
f5
85
06
06
fc
22
a0
05
85
e8
05
05
85
78
20
05
6c
00
00
00
01
2c
04
05
45
2e
2a
28
26
24
22
20
2e
2c
2a
28
00
00
05
05
04
00
a5
09
1a
00
a7
a6
a6
87
05
05
00
05
00
89
0b
07
87
86
06
08
08
07
05
05
20
00
29
07
86
86
08
08
27
05
05
20
00
07
06
86
08
08
77
05
05
20
00
08
08
06
06
87
c7
05
05
20
00
05
05
00
a5
3a
04
00
a7
a6
a6
87
05
05
00
05
00
e7
07
06
86
08
08
07
05
05
20
00
06
05
25
00
09
04
0b
6b
0a
07
06
85
20
08
08
87
26
05
04
00
c4
09
16
0c
3a
29
09
8d
8a
89
5c
4b
07
06
85
20
08
08
07
86
05
04
8b
00
c4
09
14
08
08
87
47
86
86
85
05
20
00
8c
20
08
08
87
97
36
86
05
05
00
00
01
22
24
26
28
2a
2c
2e
20
22
24
26
28
2a
2c
2e
20
22
24
26
28
2a
2c
2e
20
22
24
26
28
2a
2c
2e
25
25
56
06
00
00
00
20
21
21
22
22
23
23
24
24
25
25
26
26
27
27
28
28
29
29
2a
2a
2b
2b
2c
2c
2d
2d
2e
2e
2f
2f
01
00
00
00
07
87
20
80
07
87
20
07
87
22
07
24
80
07
a7
98
87
08
85
a6
07
87
20
98
05
85
07
08
87
07
20
07
87
08
85
00
a7
87
06
a0
98
05
07
05
07
a6
06
87
a0
98
80
87
08
85
a6
07
87
20
98
17
a7
e5
27
85
20
05
88
a6
87
87
20
98
05
07
05
06
a6
07
87
20
18
80
01
2a
04
2c
05
04
85
2e
20
22
24
26
00
a5
85
85
00
05
05
06
00
20
24
24
01
80
01
2c
04
2e
0b
05
2e
2a
28
26
24
22
20
8a
0b
0a
09
84
89
00
27
05
05
26
28
2a
2c
2e
20
22
24
20
22
24
26
00
a5
85
05
00
05
05
06
00
20
24
24
29
29
2a
2a
2b
2b
01
80
01
00
8e
2e
07
f7
84
27
18
08
03
87
18
25
a6
05
06
c6
a0
a6
a5
07
c6
a0
26
a6
c6
a0
12
ce
20
00
26
26
07
07
ee
00
27
87
26
27
76
01
80
07
86
87
22
17
a4
87
20
0a
a2
24
26
28
80
f5
0a
98
07
17
86
07
87
06
22
24
26
28
80
17
27
86
07
87
16
22
24
26
28
80
88
08
80
08
82
08
84
20
22
24
28
2e
26
2a
2c
80
24
06
20
22
26
28
2e
08
08
2a
2c
80
08
08
03
9e
03
03
23
20
22
24
26
28
2e
f0
08
08
f0
08
08
f0
27
a7
01
24
22
26
a0
a7
84
04
a2
a7
a4
a7
a6
a7
a8
a7
aa
a7
ac
a7
ae
a6
a7
97
07
88
a0
87
9c
f0
a7
07
20
a0
a7
05
a4
27
a7
24
a6
a7
a7
a8
a7
07
aa
a7
24
a0
01
80
86
86
25
07
08
05
00
b7
86
86
27
f5
f6
67
10
f7
0e
8e
05
80
05
80
05
80
f0
01
24
24
22
20
26
04
89
74
04
f0
04
16
07
a7
06
87
27
87
a0
14
20
24
24
29
01
80
17
87
90
27
87
90
80
07
87
0c
87
00
87
08
80
03
00
03
00
03
00
00
00
00
00
00
00
00
00
00
00
00
00
00
00
00
00
00
00
00
00
00
00
01
00
00
00
00
00
00
00
00
00
00
00
00
00
00
00
00
00
00
00
00
00
00
00
00
00
00
00
00
00
00
00
00
00
00
00
00
00
00
00
00
00
00
00
00
00
00
00
00
00
00
00
00
00
00
00
00
00
00
00
00
00
00
00
00
00
00
00
00
00
00
00
00
00
00
00
00
00
00
00
00
00
00
00
00
00
00
00
00
00
00
00
00
00
00
00
00
00
00
00
00
00
00
00
00
00
00
00
e0
00
00
