00
00
00
00
00
00
00
00
00
00
00
00
00
00
00
00
00
00
00
00
00
00
00
00
00
00
00
00
00
00
00
00
00
00
00
00
00
00
00
00
00
00
00
00
00
00
00
00
00
00
00
00
00
00
00
00
00
00
00
00
00
00
00
00
00
00
00
00
00
00
00
00
00
00
00
00
00
00
00
00
00
00
00
00
00
00
00
00
00
00
00
00
00
00
00
00
00
00
00
00
00
00
00
00
00
00
00
00
00
00
00
00
00
00
00
00
00
00
00
00
00
00
00
00
00
00
00
00
00
00
00
00
00
00
00
00
00
00
00
00
00
00
00
00
00
00
00
00
00
00
00
00
00
00
00
00
00
00
00
00
00
00
00
00
00
00
00
00
00
00
00
00
00
00
00
00
00
00
00
00
00
00
00
00
00
00
00
00
00
00
00
00
00
00
00
00
00
00
00
00
00
00
00
00
00
00
00
00
00
00
00
00
00
00
00
00
00
00
00
00
00
00
00
00
00
00
00
00
00
00
00
00
00
00
00
00
00
00
00
00
00
00
00
00
00
00
00
00
00
00
00
00
00
00
00
00
00
00
00
00
00
00
00
00
00
00
00
00
00
00
00
00
00
00
00
00
00
00
00
00
00
00
00
00
00
00
00
00
00
00
00
00
00
00
00
00
00
00
00
00
00
00
00
00
00
00
00
00
00
00
00
00
00
00
00
00
00
00
00
00
00
00
00
00
00
00
00
00
00
00
00
00
00
00
00
00
00
00
00
00
00
00
00
00
00
00
00
00
00
00
00
00
00
00
00
00
00
00
00
00
00
00
00
00
00
00
00
00
00
00
00
00
00
00
00
00
00
00
00
00
00
00
00
00
00
00
00
00
00
00
00
00
00
00
00
00
00
00
00
00
00
00
00
00
00
00
00
00
00
00
00
00
00
00
00
00
00
00
00
00
00
00
00
00
00
00
00
00
00
00
00
00
00
00
00
00
00
00
00
00
00
00
00
00
00
00
00
00
00
00
00
00
00
00
00
00
00
00
00
00
00
00
00
00
00
00
00
00
00
00
00
00
00
00
00
00
00
00
00
00
00
00
00
00
00
00
00
00
00
00
00
00
00
00
00
00
00
00
00
00
00
00
00
00
00
00
00
00
00
00
00
00
10
21
10
7f
00
c5
0f
7e
10
9f
00
00
00
00
00
fe
10
9d
82
00
00
00
fe
3a
00
00
f7
08
10
40
21
08
08
09
07
07
07
07
07
07
07
07
05
02
2e
00
21
04
21
00
00
00
4a
01
00
00
00
00
03
07
12
03
5c
60
00
60
60
02
01
c0
40
80
40
00
00
00
60
60
04
02
80
60
40
80
00
00
00
5e
02
04
c0
60
80
40
00
00
00
5b
01
02
60
40
80
c0
00
00
00
59
00
21
74
00
3c
01
00
00
00
00
03
78
12
03
4d
60
01
01
c0
40
80
40
00
00
00
52
00
21
6e
33
34
00
00
03
60
7e
01
38
03
47
1e
60
60
80
40
60
34
60
00
00
60
40
00
00
60
40
0a
01
00
12
00
00
21
65
03
21
03
03
02
03
05
05
05
05
02
02
02
02
77
00
21
04
00
02
03
09
01
60
00
04
f8
60
80
60
40
00
00
00
40
08
01
00
12
00
00
21
5a
03
21
02
03
03
03
05
05
05
05
02
02
02
02
6c
00
21
79
00
02
03
7e
01
60
00
04
00
f8
60
00
02
04
00
c0
80
00
01
01
34
01
00
00
01
00
02
00
60
60
c0
00
00
31
00
13
e2
f8
00
00
00
00
00
00
00
02
02
02
02
02
02
02
02
05
05
05
05
05
05
05
05
07
07
07
07
07
07
07
07
34
34
01
00
75
00
78
00
00
00
01
01
01
01
02
02
02
02
03
03
03
03
04
04
04
04
05
05
05
05
06
06
06
06
07
07
07
07
08
30
00
00
00
10
00
20
00
60
00
00
f1
00
00
00
0f
00
ff
ec
00
08
00
00
10
21
08
00
40
04
00
00
00
00
fe
10
00
00
40
f1
00
04
00
00
04
20
00
00
00
00
00
fe
40
00
04
24
00
00
00
00
fe
00
00
40
04
00
00
00
00
fe
60
00
9f
60
04
04
00
20
00
00
00
00
ff
40
00
24
04
00
00
00
00
fe
00
fe
01
10
00
00
00
00
00
21
00
00
00
00
00
36
00
21
43
00
00
00
00
48
01
01
01
00
01
02
00
fa
04
10
03
00
21
04
04
05
05
05
05
05
00
00
00
00
00
00
17
06
01
21
02
01
01
01
01
03
03
02
00
00
00
00
29
00
12
21
36
00
01
00
3b
05
05
05
05
04
04
04
04
03
06
00
ff
03
80
00
60
00
00
60
00
80
01
80
00
00
00
01
01
00
00
00
00
01
00
00
00
00
00
00
fc
00
01
03
00
00
7f
7f
00
00
00
00
00
00
fe
01
00
60
10
40
00
60
80
80
00
00
80
00
00
00
00
00
00
02
60
60
40
80
10
60
00
00
00
00
00
60
60
40
80
10
60
00
00
00
00
00
06
00
0b
00
0b
00
03
00
00
00
00
00
00
00
00
00
00
60
00
00
00
00
00
08
1f
01
01
00
01
00
10
00
20
01
00
00
00
00
00
00
00
fc
01
00
fc
00
0a
fb
00
00
60
00
60
00
1f
00
08
00
00
00
00
00
00
00
ff
00
00
00
00
00
00
00
00
00
00
00
00
01
00
01
00
01
00
01
00
01
00
00
00
00
00
00
fe
d3
00
00
00
00
00
00
00
00
00
00
00
00
00
00
00
00
00
00
00
00
01
00
ff
04
00
00
ff
00
01
00
ff
03
00
00
00
00
02
00
fc
fc
00
00
ff
00
ff
00
c8
ff
00
01
00
01
00
00
00
00
00
c5
02
00
00
00
00
00
00
00
00
fe
00
00
00
00
01
00
00
c3
30
00
88
30
00
80
00
00
00
02
00
00
00
00
00
00
00
00
00
00
00
00
00
00
00
00
00
00
00
00
00
00
00
00
00
00
00
00
00
00
00
00
00
00
00
00
00
00
00
00
00
00
00
00
00
00
00
00
00
00
00
00
00
00
00
00
00
00
00
00
00
00
00
00
00
00
00
00
00
00
00
00
00
00
00
00
01
00
00
00
00
00
00
00
00
00
00
00
00
00
00
00
00
00
00
00
00
00
00
00
00
00
00
00
00
00
00
00
00
00
00
00
00
00
00
00
00
00
00
00
00
00
00
00
00
00
00
00
00
00
00
00
00
00
00
00
00
00
60
60
60
00
