00
00
00
00
00
00
00
00
00
00
00
00
00
00
00
00
00
00
00
00
00
00
00
00
00
00
00
00
00
00
00
00
00
00
00
00
00
00
00
00
00
00
00
00
00
00
00
00
00
00
00
00
00
00
00
00
00
00
00
00
00
00
00
00
00
00
00
00
00
00
00
00
00
00
00
00
00
00
00
00
00
00
00
00
00
00
00
00
00
00
00
00
00
00
00
00
00
00
00
00
00
00
00
00
00
00
00
00
00
00
00
00
00
00
00
00
00
00
00
00
00
00
00
00
00
00
00
00
00
00
00
00
00
00
00
00
00
00
00
00
00
00
00
00
00
00
00
00
00
00
00
00
00
00
00
00
00
00
00
00
00
00
00
00
00
00
00
00
00
00
00
00
00
00
00
00
00
00
00
00
00
00
00
00
00
00
00
00
00
00
00
00
00
00
00
00
00
00
00
00
00
00
00
00
00
00
00
00
00
00
00
00
00
00
00
00
00
00
00
00
00
00
00
00
00
00
00
00
00
00
00
00
00
00
00
00
00
00
00
00
00
00
00
00
00
00
00
00
00
00
00
00
00
00
00
00
00
00
00
00
00
00
00
00
00
00
00
00
00
00
00
00
00
00
00
00
00
00
00
00
00
00
00
00
00
00
00
00
00
00
00
00
00
00
00
00
00
00
00
00
00
00
00
00
00
00
00
00
00
00
00
00
00
00
00
00
00
00
00
00
00
00
00
00
00
00
00
00
00
00
00
00
00
00
00
00
00
00
00
00
00
00
00
00
00
00
00
00
00
00
00
00
00
00
00
00
00
00
00
00
00
00
00
00
00
00
00
00
00
00
00
00
00
00
00
00
00
00
00
00
00
00
00
00
00
00
00
00
00
00
00
00
00
00
00
00
00
00
00
00
00
00
00
00
00
00
00
00
00
00
00
00
00
00
00
00
00
00
00
00
00
00
00
00
00
00
00
00
00
00
00
00
00
00
00
00
00
00
00
00
00
00
00
00
00
00
00
00
00
00
00
00
00
00
00
00
00
00
00
00
00
00
00
00
00
00
00
00
00
00
00
00
00
00
00
00
00
00
00
00
00
00
00
00
00
00
00
00
00
00
00
00
00
00
00
00
00
00
00
00
00
00
00
00
00
00
00
00
00
00
00
00
10
31
10
7f
00
28
0f
7e
10
af
00
00
00
00
00
fe
10
ad
82
00
00
00
fe
05
00
00
f7
08
10
40
32
08
08
09
07
07
07
07
07
07
07
07
05
4c
78
00
32
4e
32
00
00
00
10
01
00
00
00
00
03
52
12
03
27
60
00
60
60
02
01
c0
40
80
40
00
00
00
2b
60
04
02
80
60
40
80
00
00
00
28
02
04
c0
60
80
40
00
00
00
25
01
02
60
40
80
c0
00
00
00
23
00
32
3f
00
04
01
00
00
00
00
03
43
12
03
18
60
01
01
c0
40
80
40
00
00
00
1c
00
32
38
78
7a
00
00
03
60
49
01
38
03
11
1e
60
60
80
40
60
7e
60
00
00
60
40
00
00
60
40
0a
01
00
12
00
00
32
2f
03
32
03
03
02
03
05
05
05
05
02
02
02
02
41
00
32
4e
00
02
03
53
01
60
00
04
f8
60
80
60
40
00
00
00
40
08
01
00
12
00
00
32
25
03
32
02
03
03
03
05
05
05
05
02
02
02
02
37
00
32
43
00
02
03
49
01
60
00
04
00
f8
60
00
02
04
00
c0
80
00
01
01
7e
01
00
00
01
00
02
00
60
60
c0
00
00
7b
00
58
e2
f8
00
00
00
00
00
00
00
02
02
02
02
02
02
02
02
05
05
05
05
05
05
05
05
07
07
07
07
07
07
07
07
34
34
01
00
40
00
43
00
00
00
01
01
01
01
02
02
02
02
03
03
03
03
04
04
04
04
05
05
05
05
06
06
06
06
07
07
07
07
08
30
00
00
60
00
f4
60
0a
0a
0a
0b
0b
0b
0b
0b
09
09
09
09
09
60
00
00
00
00
00
fa
00
00
00
41
00
00
00
02
00
00
01
00
01
01
02
00
00
00
00
00
00
fb
3e
00
02
03
03
2d
60
00
00
00
00
00
41
01
60
00
41
00
00
00
00
00
00
00
00
00
00
00
00
01
00
00
40
03
41
01
40
40
01
01
00
00
00
01
03
40
01
00
00
40
01
41
40
00
02
00
00
00
00
02
00
02
01
00
00
01
02
01
00
02
00
03
01
00
02
02
01
03
02
01
01
00
01
00
03
03
02
00
03
03
00
03
01
00
00
02
00
00
00
00
02
01
00
00
03
01
00
01
00
01
01
00
00
01
01
00
3e
00
00
e9
04
04
3e
00
05
04
5e
00
00
3e
00
00
00
02
02
5b
00
00
00
00
3e
00
00
00
02
02
59
00
04
04
04
04
00
00
02
00
60
ff
60
60
00
10
30
00
60
00
00
60
40
00
00
18
03
01
01
41
41
03
24
41
00
41
41
01
00
00
40
00
41
40
40
41
03
03
03
01
00
03
22
41
01
40
40
01
00
00
40
00
40
40
41
41
03
00
00
01
01
00
00
03
03
01
00
03
1e
40
00
41
41
01
00
01
40
01
41
41
40
41
01
40
00
00
41
00
0c
02
08
20
20
03
00
02
00
03
02
03
00
00
00
00
01
00
00
00
00
00
01
00
17
00
00
00
00
00
00
41
00
00
00
00
fe
41
0f
00
00
00
01
00
00
00
00
00
00
00
00
00
00
00
00
00
41
00
40
00
00
01
00
00
00
00
00
00
00
01
00
41
dc
03
00
01
01
41
41
03
da
01
01
01
01
00
01
41
40
03
03
03
01
00
03
dc
01
01
00
01
00
00
40
de
01
00
01
01
00
01
40
e2
00
00
02
02
00
00
01
00
00
00
02
00
08
02
00
cc
00
00
02
00
ca
01
00
02
02
00
01
00
00
40
00
01
00
01
00
00
00
00
00
fe
00
02
fc
00
52
02
02
00
00
00
00
00
01
00
00
01
00
01
00
00
00
02
00
41
01
00
40
00
00
01
00
40
00
01
01
00
00
f8
01
00
00
03
03
04
06
40
01
40
06
40
06
00
40
01
00
00
00
00
00
fe
00
04
fc
00
42
02
03
00
00
00
00
00
01
00
00
01
00
01
00
00
00
02
00
40
01
00
40
00
00
00
00
40
00
01
01
00
00
f8
02
03
02
02
00
02
00
02
00
00
04
05
04
00
3e
00
00
2f
ff
00
30
30
01
00
00
00
00
01
7b
00
34
34
05
05
06
02
d0
02
02
00
00
01
26
01
03
00
01
00
07
06
06
06
60
00
08
ff
60
ff
ff
00
02
00
01
00
00
00
00
00
09
00
00
10
41
40
41
00
40
40
41
02
03
03
00
00
03
18
00
40
40
40
41
24
01
01
00
00
00
00
00
f6
00
01
00
00
00
00
f7
00
00
60
00
00
00
20
ff
60
ff
ff
3e
02
00
01
00
00
00
00
0b
01
00
00
01
00
40
41
41
00
40
40
41
02
02
02
00
00
02
0a
00
40
40
40
40
0a
01
01
00
00
00
00
00
f6
01
00
00
00
00
f7
0b
0b
00
80
0b
0b
0a
0a
0a
0a
09
09
09
09
08
0c
00
08
40
e8
00
e8
e8
20
40
f6
00
f6
f5
f4
00
f5
05
04
3e
00
4f
00
01
00
00
00
01
00
4d
00
00
d4
50
ff
d4
c1
ce
00
40
40
40
00
01
00
00
01
00
48
02
80
02
40
cd
00
b6
00
cc
80
ff
cb
db
00
da
80
ca
80
00
00
ba
10
00
30
00
60
00
80
ff
00
00
00
00
b7
60
00
00
00
00
01
00
80
ff
00
00
00
00
b3
60
00
00
00
00
00
00
00
00
01
00
10
31
08
00
40
04
00
00
00
00
fe
10
00
00
40
f1
00
04
00
00
04
20
00
00
00
00
00
fe
40
00
04
24
00
00
00
00
fe
00
00
40
04
00
00
00
00
fe
60
00
9f
60
04
04
00
20
00
00
00
00
ff
40
00
24
04
00
00
00
00
fe
00
fe
01
10
00
00
00
00
00
32
00
00
00
00
00
36
00
32
43
00
00
00
00
48
01
01
01
00
01
02
00
fa
04
10
03
00
32
04
04
05
05
05
05
05
00
00
00
00
00
00
17
06
01
32
02
01
01
01
01
03
03
02
00
00
00
00
29
00
12
32
36
00
01
00
3b
05
05
05
05
04
04
04
04
03
06
00
ff
03
80
00
60
00
00
60
00
80
01
80
00
00
00
01
01
00
00
00
00
01
00
00
00
00
00
00
fc
00
01
03
00
00
7f
7f
00
00
00
00
00
00
fe
01
00
60
10
40
00
60
80
80
00
00
80
00
00
00
00
00
00
02
60
60
40
80
10
60
00
00
00
00
00
60
60
40
80
10
60
00
00
00
00
00
06
00
0b
00
0b
00
03
00
00
00
00
00
00
00
00
00
00
60
00
00
00
00
00
08
1f
01
01
00
01
00
10
00
20
01
00
00
00
00
00
00
00
fc
01
00
fc
00
0a
fb
00
00
60
00
60
00
1f
00
08
00
00
00
00
00
00
00
ff
00
00
00
00
00
00
00
00
00
00
00
00
01
00
01
00
01
00
01
00
01
00
00
00
00
00
00
fe
d3
00
00
00
00
00
00
00
00
00
00
00
00
00
00
00
00
00
00
00
00
01
00
ff
04
00
00
ff
00
01
00
ff
03
00
00
00
00
02
00
fc
fc
00
00
ff
00
ff
00
c8
ff
00
01
00
01
00
00
00
00
00
c5
02
00
00
00
00
00
00
00
00
fe
00
00
00
00
01
00
00
c3
30
00
88
30
00
80
00
00
00
02
00
00
00
00
00
00
00
00
00
00
00
00
12
00
00
40
ff
40
40
00
00
00
00
0e
16
00
24
01
44
01
01
0f
0b
00
00
02
00
40
00
00
00
00
00
00
01
02
01
01
01
02
02
01
00
00
00
ff
00
40
00
40
02
01
01
02
02
01
01
00
01
ff
00
ff
00
00
01
00
00
00
00
40
40
40
00
02
00
00
fd
00
40
40
40
ff
ec
00
14
01
32
01
01
0f
fa
00
00
02
00
41
1d
32
00
00
00
f7
00
00
02
00
0c
01
2e
01
01
0f
f4
00
00
02
00
40
0c
01
40
01
01
00
01
03
03
03
01
00
00
00
ff
00
2c
00
40
03
01
01
03
03
01
01
01
00
ff
00
ff
01
00
01
00
ea
0f
00
f4
00
00
f4
0f
00
dc
00
00
dc
0f
1e
00
00
eb
00
00
01
03
00
00
00
01
01
01
00
03
03
01
00
00
00
ff
1c
1c
ff
00
40
03
01
01
03
02
01
00
00
00
ff
18
18
ff
00
01
40
00
ea
01
00
00
01
01
03
01
01
00
01
00
01
00
03
03
01
00
00
00
ff
12
12
ff
00
40
03
01
01
03
02
01
00
01
00
ff
0c
0d
ff
00
01
00
00
ff
00
01
00
01
02
41
02
01
02
00
00
02
00
01
01
00
02
00
00
cc
00
ff
00
01
00
00
01
fc
ff
00
c9
01
01
ce
00
00
cd
01
01
d2
01
01
bb
00
00
c5
00
f3
00
e8
00
ee
00
e3
ff
00
be
ff
00
d3
00
00
00
00
0c
12
00
20
01
42
01
01
0f
be
00
00
02
01
41
01
00
01
00
01
00
01
02
01
01
01
02
02
01
00
00
01
ff
01
3e
00
40
02
01
01
02
02
01
00
00
01
ff
01
ff
00
00
01
00
00
00
00
00
00
00
00
14
01
32
01
01
0f
b0
01
00
02
00
41
1d
32
00
00
00
00
00
00
02
00
0c
01
2e
01
01
0f
ab
00
00
02
01
41
0d
01
41
01
01
00
01
03
03
03
01
00
00
01
ff
01
2c
00
40
03
01
01
03
03
01
00
01
00
ff
01
ff
01
00
01
00
00
0f
00
f5
00
00
f4
0f
00
de
00
00
de
0f
1e
00
00
eb
00
01
01
03
01
01
00
01
00
01
00
03
03
01
00
00
01
ff
1d
1c
ff
01
40
03
01
01
03
02
01
01
00
01
ff
19
18
ff
01
01
40
00
ea
01
01
00
01
01
03
01
01
01
01
01
01
01
03
03
01
00
00
00
ff
12
12
ff
00
40
03
01
01
03
02
01
01
00
00
ff
0c
0c
ff
00
01
00
00
ff
00
01
00
01
02
40
02
01
02
00
00
02
00
01
01
00
02
00
00
00
00
00
ff
00
01
00
01
01
fc
ff
00
00
01
01
ce
00
00
cd
01
01
d2
01
01
bd
00
00
00
00
f3
00
e7
00
ee
00
e3
ff
01
c1
ff
01
d3
00
00
00
00
00
00
00
00
00
00
00
00
00
00
00
00
00
00
00
00
00
00
00
00
00
00
00
00
00
00
00
00
00
00
00
00
00
00
00
00
00
00
00
00
00
00
00
00
00
00
00
00
00
00
00
00
00
00
00
00
00
00
00
00
00
00
01
00
00
00
00
00
00
00
00
00
00
00
00
00
00
00
00
00
00
00
00
00
00
00
00
00
00
00
00
00
00
00
00
00
00
00
00
00
00
00
00
00
00
00
00
00
00
00
00
00
00
00
00
00
00
00
00
00
00
00
00
00
60
60
60
02
03
04
04
05
05
05
05
06
06
06
06
06
06
06
06
07
07
07
07
07
07
07
07
07
07
07
07
07
07
07
07
08
08
08
08
08
08
08
08
08
08
08
08
08
08
08
08
08
08
08
08
08
08
08
08
08
08
08
08
08
08
08
08
00
