00
00
00
00
00
00
00
00
00
00
00
00
00
00
00
00
00
00
00
00
00
00
00
00
00
00
00
00
00
00
00
00
00
00
00
00
00
00
00
00
00
00
00
00
00
00
00
00
00
00
00
00
00
00
00
00
00
00
00
00
00
00
00
00
00
00
00
00
00
00
00
00
00
00
00
00
00
00
00
00
00
00
00
00
00
00
00
00
00
00
00
00
00
00
00
00
00
00
00
00
00
00
00
00
00
00
00
00
00
00
00
00
00
00
00
00
00
00
00
00
00
00
00
00
00
00
00
00
00
00
00
00
00
00
00
00
00
00
00
00
00
00
00
00
00
00
00
00
00
00
00
00
00
00
00
00
00
00
00
00
00
00
00
00
00
00
00
00
00
00
00
00
00
00
00
00
00
00
00
00
00
00
00
00
00
00
00
00
00
00
00
00
00
00
00
00
00
00
00
00
00
00
00
00
00
00
00
00
00
00
00
00
00
00
00
00
00
00
00
00
00
00
00
00
00
00
00
00
00
00
00
00
00
00
00
00
00
00
00
00
00
00
00
00
00
00
00
00
00
00
00
00
00
00
00
00
00
00
00
00
00
00
00
00
00
00
00
00
00
00
00
00
00
00
00
00
00
00
00
00
00
00
00
00
00
00
00
00
00
00
00
00
00
00
00
00
00
00
00
00
00
00
00
00
00
00
00
00
00
00
00
00
00
00
00
00
00
00
00
00
00
00
00
00
00
00
00
00
00
00
00
00
00
00
00
00
00
00
00
00
00
00
00
00
00
00
00
00
00
00
00
00
00
00
00
00
00
00
00
00
00
00
00
00
00
00
00
00
00
00
00
00
00
00
00
00
00
00
00
00
00
00
00
00
00
00
00
00
00
00
00
00
00
00
00
00
00
00
00
00
00
00
00
00
00
00
00
00
00
00
00
00
00
00
00
00
00
00
00
00
00
00
00
00
00
00
00
00
00
00
00
00
00
00
00
00
00
00
00
00
00
00
00
00
00
00
00
00
00
00
00
00
00
00
00
00
00
00
00
00
00
00
00
00
00
00
00
00
00
00
00
00
00
00
00
00
00
00
00
00
00
00
00
00
00
00
00
00
00
00
00
00
00
00
00
00
00
00
00
00
00
00
00
00
00
00
00
00
00
00
00
00
01
81
71
01
25
05
f5
85
06
06
fc
22
a0
05
85
e8
05
05
85
78
20
05
6c
10
00
00
01
24
04
45
05
26
22
20
2e
2c
2a
28
26
24
22
20
2e
10
10
05
05
10
09
25
04
aa
10
27
26
26
87
05
05
10
85
05
10
19
84
0b
07
08
08
87
07
86
06
05
05
20
10
2a
08
08
07
27
86
86
05
05
20
10
08
08
07
77
06
86
05
05
20
10
08
08
c7
06
06
87
05
05
20
10
05
05
10
25
10
27
26
26
87
05
05
10
85
05
10
e7
08
08
07
07
06
86
05
05
20
10
05
05
10
00
00
05
06
05
06
10
c5
85
05
10
00
29
05
06
85
25
00
37
0a
a9
0d
09
0d
04
2c
8c
0b
0b
0a
89
6a
85
05
10
05
05
2c
2e
28
2a
20
22
24
26
20
22
24
26
10
85
05
10
06
05
05
10
0d
07
cd
09
16
37
84
2a
89
a9
07
0c
0a
0c
0b
8a
89
5b
85
05
10
05
05
2c
2e
28
2a
20
22
24
26
20
22
24
26
10
85
05
10
06
05
05
10
0d
47
8e
84
cd
14
34
85
08
08
07
06
06
05
20
2e
00
2e
07
8d
20
08
08
07
97
36
06
05
05
00
00
00
f0
01
22
24
26
28
2a
2c
2e
20
22
24
26
28
2a
2c
2e
20
22
24
26
28
2a
2c
2e
20
22
24
26
28
2a
2c
2e
25
25
56
06
10
00
10
20
21
21
22
22
23
23
24
24
25
25
26
26
27
27
28
28
29
29
2a
2a
2b
2b
2c
2c
2d
2d
2e
2e
2f
2f
01
00
00
00
37
af
01
4e
2e
2c
2a
28
26
24
22
20
2e
2c
2a
28
26
38
0f
0e
06
07
06
0e
a7
88
05
d5
37
86
05
88
07
86
d4
8f
88
33
92
d4
8f
06
07
0e
86
96
06
06
2e
2a
2c
10
37
a7
28
03
46
a3
53
27
3a
2a
d0
03
0d
04
09
02
0d
04
09
05
05
0f
2f
27
07
8b
08
8e
57
36
07
07
18
1c
d6
d6
66
0e
0e
58
3a
3b
66
57
44
07
83
3c
0f
05
83
9e
0a
8e
1f
b7
0a
b4
0f
09
07
09
84
3a
97
0c
87
89
0f
0a
0f
bc
87
0f
8c
34
89
04
8e
07
0f
07
07
08
0f
36
88
3c
02
0a
07
87
07
0d
3e
86
b6
83
b8
07
0d
06
0d
8e
85
85
8c
27
87
2a
07
06
0f
f0
22
2a
06
06
28
20
10
07
87
06
06
85
85
22
24
10
07
87
05
05
06
06
04
84
26
28
10
02
24
26
2c
2e
2c
2e
20
26
79
82
89
94
48
04
0c
27
3b
0b
9a
37
83
0a
0c
00
1d
d7
9f
58
df
0f
56
86
bf
0d
0d
17
56
e6
5f
37
0f
0d
0f
57
0d
87
36
87
87
08
dc
88
b6
07
87
9d
56
e6
d7
38
07
06
88
dd
8d
06
35
88
08
06
05
0f
b7
8f
0f
87
58
87
bf
0f
0f
1d
df
6f
5f
37
0f
0f
07
0f
3f
07
85
03
87
0e
96
07
0c
0b
83
07
97
06
17
05
36
33
86
87
b5
86
b5
8b
03
07
87
8a
07
8a
00
06
06
07
a7
86
05
d7
b5
07
86
07
90
57
f7
86
3e
8e
9e
56
ee
0e
03
07
05
06
05
d7
97
2f
87
a6
0f
f7
5d
7f
84
5f
0f
d7
97
06
87
28
a7
16
ff
56
90
1d
f7
18
9f
58
df
0f
4e
07
bf
0f
16
dd
6d
57
5f
0d
87
36
87
87
08
c8
06
38
08
17
56
e6
58
f0
8f
b7
87
9f
df
6f
d7
f0
26
07
0c
26
68
9e
26
7a
26
2e
20
2c
07
00
26
f0
2c
2e
20
26
f0
27
04
25
04
d6
97
d7
07
06
04
14
64
95
57
d6
67
06
87
e4
16
25
6e
e7
82
28
23
06
07
0e
88
35
9e
55
e5
05
d8
9f
5f
86
07
6a
87
8e
b2
08
03
35
14
ea
88
83
06
87
e7
d6
65
98
97
56
e7
26
27
25
22
07
26
57
26
d6
24
07
06
95
d7
d6
67
06
07
e4
16
25
6e
67
0e
28
25
07
0e
03
08
35
1e
56
e6
85
58
9f
df
07
8e
6a
07
0e
32
88
03
b6
94
6a
88
85
87
0e
e7
d6
e6
18
25
27
06
06
07
b4
06
09
84
67
0c
2a
29
06
06
05
85
00
06
87
ce
88
97
55
e5
06
86
15
00
07
92
40
27
26
28
37
09
89
04
19
09
e7
98
27
27
85
97
05
2a
2c
2e
08
46
06
0f
0e
1e
03
85
08
00
f7
9f
e7
20
86
06
08
8e
24
22
2f
57
07
d2
34
87
87
d2
82
87
33
87
87
07
d4
37
07
87
df
07
de
1f
df
d7
17
07
27
f2
94
f7
e7
20
86
06
08
96
85
05
36
06
2f
3f
0e
0e
03
08
85
08
00
f7
92
e7
20
86
06
80
07
22
a4
07
a3
87
d7
54
b2
87
87
d2
82
87
34
87
87
07
d8
37
87
87
d2
07
d8
12
d2
d7
17
07
27
f3
92
f7
e7
20
86
06
94
20
24
07
a2
24
29
29
2a
2a
2b
2b
2c
2c
2d
2d
01
80
87
d7
c6
8f
76
f0
87
d7
c2
02
72
f0
7a
82
f0
25
25
06
06
00
87
97
55
86
06
15
e5
00
96
89
5c
09
89
f0
07
78
37
07
05
87
55
97
06
86
15
e5
00
9e
07
6a
07
f0
07
f0
07
f0
07
c7
f0
74
8f
f0
07
f0
a7
84
80
f0
07
07
a8
80
25
80
a7
01
24
26
04
94
f0
17
a7
20
20
24
01
80
a7
01
24
26
04
94
f0
17
a7
20
20
a7
22
a7
24
24
01
80
07
a7
98
87
08
85
a6
07
87
20
98
05
85
07
08
87
07
20
07
87
08
85
00
a7
87
06
a0
98
05
07
05
07
a6
06
87
a0
98
80
87
08
85
a6
07
87
20
98
17
a7
e5
27
85
20
05
88
a6
87
87
20
98
05
07
05
06
a6
07
87
20
18
80
01
28
09
2c
2a
04
84
05
05
2e
20
22
24
26
00
85
05
00
04
05
05
06
00
20
24
29
85
24
01
80
01
2c
04
2e
0b
05
2e
2a
28
26
24
22
20
8a
0b
0a
09
84
89
00
27
05
05
26
28
2a
2c
2e
20
22
24
20
22
24
26
00
a5
85
05
00
05
05
06
00
20
24
24
29
29
2a
2a
2b
2b
01
80
01
00
8e
2e
07
f7
84
27
18
08
03
87
18
25
a6
05
06
c6
a0
a6
a5
07
c6
a0
26
a6
c6
a0
12
ce
20
00
26
26
07
07
ee
00
27
87
26
27
76
01
80
07
86
87
22
17
a6
87
20
0a
a4
24
26
28
80
f5
0a
98
07
17
86
07
87
06
22
24
26
28
80
17
27
86
07
87
16
22
24
26
28
80
88
08
80
08
82
08
84
20
22
24
28
2e
26
2a
2c
80
24
06
20
22
26
28
2e
08
08
2a
2c
80
08
08
03
9e
03
03
23
20
22
24
26
28
2e
f0
08
08
f0
08
08
f0
07
20
07
22
07
26
07
2a
07
24
28
2e
2c
80
27
a7
01
24
22
26
a0
a7
84
04
a2
a7
a4
a7
a6
a7
a8
a7
aa
a7
ac
a7
ae
a6
a7
97
07
88
a0
87
9c
f0
a7
07
20
a0
a7
05
a4
27
a7
24
a6
a7
a7
a8
a7
07
aa
a7
24
a0
01
80
86
86
25
07
08
05
00
b7
86
86
27
f5
f6
67
10
f7
0e
8e
05
80
05
80
05
80
f0
01
24
24
22
20
26
04
89
74
04
f0
04
16
07
a7
06
87
27
87
a0
14
20
24
24
29
01
80
17
87
90
27
87
90
80
07
87
0c
87
00
87
08
80
03
00
03
00
03
00
00
0e
08
c6
dc
37
06
48
86
06
87
03
8e
88
98
f0
07
60
07
6a
56
07
e7
07
07
47
06
07
87
8c
95
d7
13
e8
9e
55
d7
16
56
57
f6
05
96
e8
fc
88
87
e4
ec
07
88
d6
1e
5e
f8
06
98
e8
fe
08
87
e6
86
e4
06
95
65
05
0a
37
05
85
05
80
f4
05
05
f0
37
05
85
0e
08
f0
07
e4
07
e0
d5
07
e7
87
87
c8
07
88
83
98
e2
b5
45
05
f0
16
03
53
07
60
07
60
56
07
e7
07
07
47
06
07
87
9a
1f
86
5f
5f
05
57
d7
f6
86
96
e7
7c
07
86
64
64
87
07
56
1e
5e
77
8f
17
67
7e
07
86
66
86
64
06
95
65
f0
07
06
76
56
07
f0
07
06
76
56
07
f0
07
f4
d5
07
f0
13
d6
5f
58
95
d7
e6
1f
5f
d5
9e
77
05
97
e7
fe
87
87
ec
fa
88
87
87
d7
95
d5
f7
06
96
e5
fe
85
07
e6
f4
07
85
98
86
e5
f0
57
96
e6
d7
df
5f
9e
5e
95
d8
e5
d7
16
77
05
17
67
fe
87
07
e2
f0
0f
87
87
d7
95
d5
f7
08
97
e5
fe
85
07
ec
fa
07
85
15
0f
65
87
77
5e
77
56
0f
85
07
56
07
07
87
06
74
06
5e
06
e8
86
05
f0
06
86
77
17
7f
9e
87
fe
05
05
f0
d5
07
f0
85
07
f0
56
07
f0
56
07
f0
05
05
f0
87
f0
87
f0
0f
f0
08
f0
87
88
f0
87
07
f0
8e
08
03
88
9e
fa
07
6a
07
66
57
0e
e7
87
87
c7
07
8e
07
0c
98
5e
18
68
13
d5
55
96
d6
57
77
86
17
68
7c
08
07
64
68
85
08
56
13
53
78
86
18
68
7e
88
07
66
06
64
86
15
65
05
80
f8
05
05
80
07
e4
07
e2
d8
07
e7
87
87
ce
07
0e
8e
98
e4
36
45
05
80
16
07
d8
07
e0
07
e2
d7
0e
e7
87
87
c6
07
8e
82
9a
9f
87
df
5f
05
57
55
77
06
17
67
fc
87
07
e4
e6
05
87
d6
13
53
f7
0f
97
e7
fe
87
07
e6
06
e4
06
15
65
80
07
87
f6
d7
0e
f0
07
07
fc
57
0e
f0
07
f6
d8
07
f0
98
d6
df
5e
9f
5f
97
5e
67
55
13
76
07
96
e6
fe
86
86
ee
fc
8e
86
86
d7
1e
5e
f6
06
97
67
7e
07
86
68
76
87
07
95
07
e5
f0
57
96
e6
d3
df
58
97
57
98
5e
68
57
16
73
05
13
67
fe
87
83
e4
f2
88
87
87
d3
18
58
f7
05
97
e8
7e
08
07
6e
7c
03
08
98
0f
e8
07
f7
d3
77
56
0e
08
07
56
07
07
87
06
74
06
53
06
6a
08
85
05
80
06
86
77
17
7e
15
87
7c
85
05
80
d8
07
f0
88
07
f0
d7
0e
f0
57
0e
f0
05
05
80
83
f0
87
f0
08
f0
0e
f0
05
08
f0
05
87
f0
00
00
00
00
00
00
00
00
00
00
00
00
00
00
00
00
00
00
00
00
00
01
00
00
00
00
00
00
00
00
00
00
00
00
00
00
00
00
00
00
00
00
00
00
00
00
00
00
00
00
00
00
00
00
00
00
00
00
00
00
00
00
00
00
00
00
00
00
00
00
00
00
00
00
00
00
00
00
00
00
00
00
00
00
00
00
00
00
00
00
00
00
00
00
00
00
00
00
00
00
00
00
00
00
00
00
00
00
00
00
00
00
00
00
00
00
00
00
00
00
00
00
00
00
00
00
00
00
00
e0
00
01
03
04
04
05
05
05
05
06
06
06
06
06
06
06
06
07
07
07
07
07
07
07
07
07
07
07
07
07
07
07
07
08
08
08
08
08
08
08
08
08
08
08
08
08
08
08
08
08
08
08
08
08
08
08
08
08
08
08
08
08
08
08
08
00
