00
00
00
00
00
00
00
00
00
00
00
00
00
00
00
00
00
00
00
00
00
00
00
00
00
00
00
00
00
00
00
00
00
00
00
00
00
00
00
00
00
00
00
00
00
00
00
00
00
00
00
00
00
00
00
00
00
00
00
00
00
00
00
00
00
00
00
00
00
00
00
00
00
00
00
00
00
00
00
00
00
00
00
00
00
00
00
00
00
00
00
00
00
00
00
00
00
00
00
00
00
00
00
00
00
00
00
00
00
00
00
00
00
00
00
00
00
00
00
00
00
00
00
00
00
00
00
00
00
00
00
00
00
00
00
00
00
00
00
00
00
00
00
00
00
00
00
00
00
00
00
00
00
00
00
00
00
00
00
00
00
00
00
00
00
00
00
00
00
00
00
00
00
00
00
00
00
00
00
00
00
00
00
00
00
00
00
00
00
00
00
00
00
00
00
00
00
00
00
00
00
00
00
00
00
00
00
00
00
00
00
00
00
00
00
00
00
00
00
00
00
00
00
00
00
00
00
00
00
00
00
00
00
00
00
00
00
00
00
00
00
00
00
00
00
00
00
00
00
00
00
00
00
00
00
00
00
00
00
00
00
00
00
00
00
00
00
00
00
00
00
00
00
00
00
00
00
00
00
00
00
00
00
00
00
00
00
00
00
00
00
00
00
00
00
00
00
00
00
00
00
00
00
00
00
00
00
00
00
00
00
00
00
00
00
00
00
00
00
00
00
00
00
00
00
00
00
00
00
00
00
00
00
00
00
00
00
00
00
00
00
00
00
00
00
00
00
00
00
00
00
00
00
00
00
00
00
00
00
00
00
00
00
00
00
00
00
00
00
00
00
00
00
00
00
00
00
00
00
00
00
00
00
00
00
00
00
00
00
00
00
00
00
00
00
00
00
00
00
00
00
00
00
00
00
00
00
00
00
00
00
00
00
00
00
00
00
00
00
00
00
00
00
00
00
00
00
00
00
00
00
00
00
00
00
00
00
00
00
00
00
00
00
00
00
00
00
00
00
00
00
00
00
00
00
00
00
00
00
00
00
00
00
00
00
00
00
00
00
00
00
00
00
00
00
00
00
00
00
00
00
00
00
00
00
00
00
00
00
00
00
00
00
00
00
00
00
00
00
00
00
00
00
00
00
00
00
00
00
00
00
00
01
81
71
01
15
05
f5
85
06
06
fc
22
a0
05
85
e8
05
05
85
78
20
05
6c
00
00
00
05
01
45
05
2e
2c
2a
28
26
24
22
20
2e
2c
2a
28
00
00
05
05
00
09
14
09
04
07
08
08
87
07
86
06
05
05
20
00
29
08
08
87
27
86
86
05
05
20
00
08
08
87
77
86
86
05
05
20
00
08
08
87
c7
06
86
05
05
20
00
05
05
00
e7
87
86
05
20
08
08
07
86
05
00
25
07
85
06
a6
87
87
20
98
07
27
87
20
06
07
07
20
87
07
9a
29
27
16
87
06
05
a6
87
87
20
98
39
0a
04
09
04
0a
8b
6b
0a
07
06
85
20
08
08
87
26
05
04
00
c4
09
16
0c
3a
89
29
8a
0d
89
5c
4b
07
06
85
20
08
08
07
86
05
04
8b
00
c4
09
14
08
08
07
47
06
06
85
05
20
00
8c
20
08
08
07
97
36
06
05
05
00
00
01
22
24
26
28
2a
2c
2e
20
22
24
26
28
2a
2c
2e
20
22
24
26
28
2a
2c
2e
20
22
24
26
28
2a
2c
2e
25
25
56
06
00
00
00
20
21
21
22
22
23
23
24
24
25
25
26
26
27
27
28
28
29
29
2a
2a
2b
2b
2c
2c
2d
2d
2e
2e
2f
2f
01
00
00
00
01
2c
04
2a
04
05
2e
00
85
05
00
07
a6
a7
a6
07
87
85
05
00
05
05
20
22
24
26
00
a5
85
05
00
05
05
06
00
20
24
24
01
80
01
2c
04
2e
0b
05
2e
2a
28
26
24
22
20
8a
0b
0a
09
84
89
00
27
05
05
26
28
2a
2c
2e
20
22
24
20
22
24
26
00
a5
85
05
00
05
05
06
00
20
24
24
29
29
2a
2a
2b
2b
01
80
01
00
0e
0e
2e
07
f7
84
27
18
08
03
87
18
25
a6
05
06
c6
a0
a6
a5
07
c6
a0
26
a6
c6
a0
12
ce
20
00
26
26
07
07
ee
00
27
87
26
27
76
01
80
07
86
87
22
17
a2
87
06
20
0a
28
24
26
28
80
f5
0a
98
07
17
86
07
87
06
22
24
26
28
80
17
27
86
07
87
16
22
24
26
28
80
88
08
80
08
82
08
84
20
22
24
28
2e
26
2a
2c
80
24
06
20
22
26
28
2e
08
08
2a
2c
80
08
08
03
9e
03
03
23
20
22
24
26
28
2e
f0
08
08
f0
08
08
f0
27
a7
01
24
22
26
a0
a7
84
04
a2
a7
a4
a7
a6
a7
a8
a7
aa
a7
ac
a7
ae
a6
a7
97
07
88
a0
87
9c
f0
a7
07
20
a0
a7
05
a4
27
a7
24
a6
a7
a7
a8
a7
07
aa
a7
24
a0
01
80
86
86
25
07
08
05
00
b7
86
86
27
f5
f6
67
10
f7
0e
8e
05
80
05
80
05
80
07
06
86
05
87
85
06
85
00
a6
87
86
a0
18
07
17
07
a0
87
9c
07
07
06
08
05
05
f7
97
06
87
07
20
a0
86
07
9e
67
27
07
a0
87
9c
26
07
08
05
05
77
97
86
87
87
20
a0
07
86
1e
b7
77
07
a0
87
9c
b7
77
06
06
07
a0
a2
87
9a
d7
c7
07
a0
87
9c
d7
c7
06
06
07
a0
a2
87
9a
e7
87
a0
87
9c
e6
07
08
08
05
05
77
07
97
86
87
87
20
a0
86
1e
e7
f7
87
07
a0
87
9c
e7
f7
87
06
06
07
a0
a2
87
9a
57
68
b3
58
06
05
07
03
05
06
0e
88
07
a0
87
9c
07
a0
a2
87
9a
87
05
86
18
47
c5
58
88
06
0e
07
05
05
06
83
08
87
a0
87
9c
07
a0
a2
87
1a
07
86
1a
87
47
07
a0
87
9c
87
47
06
06
07
a0
a2
87
9a
97
96
87
a0
87
9c
07
a0
07
a2
a6
a8
f0
8c
07
82
07
88
07
84
80
27
87
a0
87
9c
80
27
07
87
20
80
27
07
87
20
27
07
87
22
27
07
87
24
80
27
07
06
20
87
07
9a
80
01
24
24
22
20
26
04
89
74
04
f0
04
16
07
a7
06
87
27
87
a0
14
20
24
24
29
01
80
17
87
90
27
87
90
80
07
87
0c
87
00
87
08
80
03
00
03
00
03
00
00
00
e0
00
01
00
00
02
00
00
03
00
00
04
00
00
05
00
00
06
00
00
07
00
00
08
00
00
09
00
00
0a
00
00
0b
00
00
0c
00
00
0d
00
00
0e
00
00
0f
00
00
10
00
00
00
