00
00
00
00
00
00
00
00
00
00
00
00
00
00
00
00
00
00
00
00
00
00
00
00
00
00
00
00
00
00
00
00
00
00
00
00
00
00
00
00
00
00
00
00
00
00
00
00
00
00
00
00
00
00
00
00
00
00
00
00
00
00
00
00
00
00
00
00
00
00
00
00
00
00
00
00
00
00
00
00
00
00
00
00
00
00
00
00
00
00
00
00
00
00
00
00
00
00
00
00
00
00
00
00
00
00
00
00
00
00
00
00
00
00
00
00
00
00
00
00
00
00
00
00
00
00
00
00
00
00
00
00
00
00
00
00
00
00
00
00
00
00
00
00
00
00
00
00
00
00
00
00
00
00
00
00
00
00
00
00
00
00
00
00
00
00
00
00
00
00
00
00
00
00
00
00
00
00
00
00
00
00
00
00
00
00
00
00
00
00
00
00
00
00
00
00
00
00
00
00
00
00
00
00
00
00
00
00
00
00
00
00
00
00
00
00
00
00
00
00
00
00
00
00
00
00
00
00
00
00
00
00
00
00
00
00
00
00
00
00
00
00
00
00
00
00
00
00
00
00
00
00
00
00
00
00
00
00
00
00
00
00
00
00
00
00
00
00
00
00
00
00
00
00
00
00
00
00
00
00
00
00
00
00
00
00
00
00
00
00
00
00
00
00
00
00
00
00
00
00
00
00
00
00
00
00
00
00
00
00
00
00
00
00
00
00
00
00
00
00
00
00
00
00
00
00
00
00
00
00
00
00
00
00
00
00
00
00
00
00
00
00
00
00
00
00
00
00
00
00
00
00
00
00
00
00
00
00
00
00
00
00
00
00
00
00
00
00
00
00
00
00
00
00
00
00
00
00
00
00
00
00
00
00
00
00
00
00
00
00
00
00
00
00
00
00
00
00
00
00
00
00
00
00
00
00
00
00
00
00
00
00
00
00
00
00
00
00
00
00
00
00
00
00
00
00
00
00
00
00
00
00
00
00
00
00
00
00
00
00
00
00
00
00
00
00
00
00
00
00
00
00
00
00
00
00
00
00
00
00
00
00
00
00
00
00
00
00
00
00
00
00
00
00
00
00
00
00
00
00
00
00
00
00
00
00
00
00
00
00
00
00
00
00
00
00
00
00
00
00
00
00
00
00
00
00
00
00
00
00
00
00
10
0d
10
7f
00
da
0f
7e
10
8b
00
00
00
00
00
fe
10
89
82
00
00
00
fe
50
00
00
10
fc
40
0d
02
02
02
03
03
03
03
03
01
01
01
01
5f
08
00
00
3a
00
60
00
60
60
02
01
c0
40
80
40
00
00
01
41
60
04
02
80
60
40
80
00
00
01
3e
02
04
c0
60
80
40
00
00
01
3b
01
02
c0
60
40
80
00
00
01
39
00
00
2e
60
c0
40
00
01
01
01
40
80
00
35
00
40
c0
44
00
00
00
00
fe
02
60
10
04
28
04
20
00
00
00
fe
60
60
00
80
a4
84
00
00
00
00
fe
60
00
60
40
00
00
40
00
60
00
00
00
01
01
0a
00
60
00
01
29
00
04
fd
00
60
80
60
00
40
40
00
60
00
00
00
01
01
08
00
00
00
01
00
23
00
04
fd
02
04
40
60
c0
80
00
00
01
1f
00
01
00
02
40
60
60
c0
00
00
1d
00
f8
00
00
00
00
00
00
00
02
02
02
02
02
02
02
02
05
05
05
05
05
05
05
05
07
07
07
07
07
07
07
07
34
34
01
00
1b
00
1e
00
00
00
01
01
01
01
02
02
02
02
03
03
03
03
04
04
04
04
05
05
05
05
06
06
06
06
07
07
07
07
08
30
00
00
fc
02
10
02
00
0d
02
25
00
0d
7c
0d
00
01
00
00
00
00
01
28
01
0d
00
00
00
00
32
00
12
0d
3f
00
01
00
00
03
03
03
04
00
fa
04
10
03
00
0d
04
04
05
05
05
05
05
00
00
00
00
00
00
18
06
01
0d
02
01
01
01
01
03
03
02
00
00
00
00
26
00
12
0d
33
00
01
00
74
05
05
05
05
04
04
04
04
03
06
00
ff
03
10
0d
00
60
00
00
60
00
80
01
80
00
00
00
01
01
00
00
00
00
01
00
00
00
00
00
00
fc
00
01
03
00
00
7f
7f
00
00
00
00
00
00
fe
01
00
60
10
40
00
60
80
80
10
00
00
0c
00
00
00
00
00
00
02
60
60
40
80
10
60
00
00
00
00
00
60
60
40
80
10
60
00
00
00
00
00
06
00
0b
00
0b
00
03
00
00
00
00
00
00
00
00
00
00
60
00
00
00
00
00
08
1f
01
01
00
01
00
10
00
00
01
00
00
00
00
00
00
00
fc
01
00
fc
00
0a
fb
00
00
ff
00
00
00
00
00
00
00
00
00
00
00
00
01
00
01
00
01
00
01
00
01
00
00
00
00
00
00
fe
d6
00
00
00
00
00
00
00
00
00
00
00
00
00
00
00
00
00
00
00
00
01
00
ff
04
00
00
ff
00
01
00
ff
03
00
00
00
00
02
00
fc
fc
00
00
ff
00
ff
00
60
10
00
ff
00
0c
10
40
00
00
00
00
00
fe
40
60
48
00
00
fe
60
40
00
10
01
02
00
00
00
00
00
01
00
00
08
fc
60
60
10
00
00
fe
60
00
10
01
04
01
00
00
00
00
01
00
00
10
fc
60
60
08
00
00
fe
60
60
10
01
18
00
00
20
fe
60
60
04
00
00
fe
60
60
10
01
0c
00
00
10
fe
60
1c
00
00
fe
60
00
00
10
01
01
03
00
00
00
00
00
01
00
01
fc
60
60
40
c4
00
00
fe
60
60
40
10
01
cc
00
00
08
fe
60
00
ff
60
0c
60
14
ec
10
01
08
54
00
00
00
fe
00
00
00
51
fe
01
01
01
fd
60
ff
00
60
04
fc
0c
f4
10
01
08
2c
01
00
00
fe
00
00
00
40
fe
00
01
fd
60
60
08
00
00
fe
60
60
10
01
18
00
00
20
fe
60
60
20
00
00
fe
10
00
01
00
10
10
98
02
00
04
00
06
00
00
00
00
7d
00
00
fe
00
00
02
10
00
00
00
00
00
00
00
00
00
00
00
00
00
00
00
00
10
1a
00
00
00
fe
00
ff
00
01
00
01
00
00
00
00
00
8c
02
00
00
00
00
00
00
00
00
fe
00
00
00
00
01
00
00
b3
30
00
88
30
00
80
00
00
00
02
00
00
00
00
00
00
00
00
00
00
60
60
60
00
01
00
00
02
00
00
03
00
00
04
00
00
05
00
00
06
00
00
07
00
00
08
00
00
09
00
00
0a
00
00
0b
00
00
0c
00
00
0d
00
00
0e
00
00
0f
00
00
10
00
00
