00000000
00000000
00000000
00000000
00000000
00000000
00000000
00000000
00000000
00000000
00000000
00000000
00000000
00000000
00000000
00000000
00000000
00000000
00000000
00000000
00000000
00000000
00000000
00000000
00000000
00000000
00000000
00000000
00000000
00000000
00000000
00000000
00000000
00000000
00000000
00000000
00000000
00000000
00000000
00000000
00000000
00000000
00000000
00000000
00000000
00000000
00000000
00000000
00000000
00000000
00000000
00000000
00000000
00000000
00000000
00000000
00000000
00000000
00000000
00000000
00000000
00000000
00000000
00000000
00000000
00000000
00000000
00000000
00000000
00000000
00000000
00000000
00000000
00000000
00000000
00000000
00000000
00000000
00000000
00000000
00000000
00000000
00000000
00000000
00000000
00000000
00000000
00000000
00000000
00000000
00000000
00000000
00000000
00000000
00000000
00000000
00000000
00000000
00000000
00000000
00000000
00000000
00000000
00000000
00000000
00000000
00000000
00000000
00000000
00000000
00000000
00000000
00000000
00000000
00000000
00000000
00000000
00000000
00000000
00000000
00000000
00000000
00000000
00000000
00000000
00000000
00000000
00000000
00000000
00000000
00000000
00000000
00000000
00000000
00000000
00000000
00000000
00000000
00000000
00000000
00000000
00000000
00000000
00000000
00000000
00000000
00000000
00000000
00000000
00000000
00000000
00000000
00000000
00000000
00000000
00000000
00000000
00000000
00000000
00000000
00000000
00000000
00000000
00000000
00000000
00000000
00000000
00000000
00000000
00000000
00000000
00000000
00000000
00000000
00000000
00000000
00000000
00000000
00000000
00000000
00000000
00000000
00000000
00000000
00000000
00000000
00000000
00000000
00000000
00000000
00000000
00000000
00000000
00000000
00000000
00000000
00000000
00000000
00000000
00000000
00000000
00000000
00000000
00000000
00000000
00000000
00000000
00000000
00000000
00000000
00000000
00000000
00000000
00000000
00000000
00000000
00000000
00000000
00000000
00000000
00000000
00000000
00000000
00000000
00000000
00000000
00000000
00000000
00000000
00000000
00000000
00000000
00000000
00000000
00000000
00000000
00000000
00000000
00000000
00000000
00000000
00000000
00000000
00000000
00000000
00000000
00000000
00000000
00000000
00000000
00000000
00000000
00000000
00000000
00000000
00000000
00000000
00000000
00000000
00000000
00000000
00000000
00000000
00000000
00000000
00000000
00000000
00000000
00000000
00000000
00000000
00000000
00000000
00000000
00000000
00000000
00000000
00000000
00000000
00000000
00000000
00000000
00000000
00000000
00000000
00000000
00000000
00000000
00000000
00000000
00000000
00000000
00000000
00000000
00000000
00000000
00000000
00000000
00000000
00000000
00000000
00000000
00000000
00000000
00000000
00000000
00000000
00000000
00000000
00000000
00000000
00000000
00000000
00000000
00000000
00000000
00000000
00000000
00000000
00000000
00000000
00000000
00000000
00000000
00000000
00000000
00000000
00000000
00000000
00000000
00000000
00000000
00000000
00000000
00000000
00000000
00000000
00000000
00000000
00000000
00000000
00000000
00000000
00000000
00000000
00000000
00000000
00000000
00000000
00000000
00000000
00000000
00000000
00000000
00000000
00000000
00000000
00000000
00000000
00000000
00000000
00000000
00000000
00000000
00000000
00000000
00000000
00000000
00000000
00000000
00000000
00000000
00000000
00000000
00000000
00000000
00000000
00000000
00000000
00000000
00000000
00000000
00000000
00000000
00000000
00000000
00000000
00000000
00000000
00000000
00000000
00000000
00000000
00000000
00000000
00000000
00000000
00000000
00000000
00000000
00000000
00000000
00000000
00000000
00000000
00000000
00000000
00000000
00000000
00000000
00000000
00000000
00000000
00000000
00000000
00000000
00000000
00000000
00000000
00000000
00000000
00000000
00000000
00000000
00000000
00000000
00000000
00000000
00000000
00000000
00000000
00000000
00000000
00000000
00000000
00000000
00000000
00000000
00000000
00000000
00000000
00000000
00000000
00000000
00000000
00000000
00000000
00000000
00000000
00000000
00000000
00000000
00000000
00000000
00000000
00000000
00000000
00000000
00000000
00000000
00000000
00000000
00000000
00000000
00000000
00000000
00000000
00000000
00000000
00000000
00000000
00000000
00000000
00000000
00000000
00000000
00000000
00000000
00000000
00000000
00000000
00000000
00000000
00000000
00000000
00000000
00000000
00000000
00000000
00000000
00000000
00000000
00000000
00000000
00000000
00000000
00000000
00000000
00000000
00000000
00000000
00000000
00000000
00000000
00000000
00000000
00000000
00000000
00000000
00000000
00000000
00000000
10000197
0d018193
10007117
7f810113
00001517
dac50513
0ffff597
7e858593
10000617
8b060613
00c5fc63
00052283
0055a023
00450513
00458593
fec5e8e3
10000517
89050513
82018593
00b57863
00052023
00450513
feb56ce3
509000ef
008000ef
0000006f
10000537
fc010113
400045b7
0d850513
02112e23
02812c23
02912a23
03212823
03312623
03412423
03512223
03612023
01712e23
01812c23
01912a23
01a12823
5f0000ef
085000ef
00000593
00000513
3ac000ef
00010937
600114b7
00190913
60010437
60000737
02000893
01000813
c0048793
40070713
80048693
40040613
00100593
00000513
01212023
410000ef
600129b7
04000893
02000813
80098793
60002737
40048693
80048613
00000593
00000513
01212023
3e4000ef
02000893
04000813
c0098793
60007737
80098693
40048613
00100593
00000513
01212023
3bc000ef
01000893
02000813
c0048793
6000c737
40040693
80098613
00000593
00000513
01212023
394000ef
00100593
00100513
2e8000ef
6000e737
c0098793
40048613
00000593
01212023
01000893
01000813
40070713
80098693
00100513
35c000ef
000025b7
40040793
c0058593
44040613
0007a683
00b78733
00478793
00d72023
fec798e3
020007b7
60012737
10078793
04f72023
28000693
04470713
20000793
00f72023
00178793
00470713
fed79ae3
60012937
600127b7
00001637
80078793
a4460613
84090593
0007a683
00c78733
00478793
00d72023
feb798e3
600139b7
00010a37
60020437
40090913
00000493
001a0a13
40098b93
00006b37
60050ab7
00040713
00090693
00048593
01412023
01000893
0a100813
000b8793
60012637
00200513
01640433
290000ef
0014c493
04090913
fd5416e3
00010cb7
60013a37
80098913
600129b7
001c8a93
400a0d13
40098993
00005c37
60064bb7
00040713
00090693
00048593
01512023
01000893
08000813
000d0793
00098613
00200513
01840433
00048b13
230000ef
0014c493
04090913
fd7414e3
02000893
04000813
400a0793
60064737
c00a0693
800a0613
00048593
00200513
01512023
1fc000ef
004c8c93
01912023
00200893
02000813
400a0793
60069737
600136b7
c00a0613
000b0593
00200513
1d0000ef
0000006f
f8010113
00112223
00212423
00312623
00412823
00512a23
00612c23
00712e23
02812023
02912223
02a12423
02b12623
02c12823
02d12a23
02e12c23
02f12e23
05012023
05112223
05212423
05312623
05412823
05512a23
05612c23
05712e23
07812023
07912223
07a12423
07b12623
07c12823
07d12a23
07e12c23
07f12e23
34202573
341025f3
01f55613
00060663
1b5000ef
0080006f
1e5000ef
00412083
00812103
00c12183
01012203
01412283
01812303
01c12383
02012403
02412483
02812503
02c12583
03012603
03412683
03812703
03c12783
04012803
04412883
04812903
04c12983
05012a03
05412a83
05812b03
05c12b83
06012c03
06412c83
06812d03
06c12d83
07012e03
07412e83
07812f03
07c12f83
08010113
30200073
0000006f
0000006f
fc010113
02812c23
10000437
02912a23
00050493
0d840513
02112e23
254000ef
00048593
0d840513
7cc000ef
0d840793
0087a603
0107a703
00c7a683
000107b7
00178793
00048593
01010513
288000ef
01010593
0d840513
00012023
00012223
00012423
00012623
32c000ef
0007a5b7
12058593
0d840513
3f4000ef
00010593
01010513
00400613
00d000ef
03c12083
03812403
03412483
04010113
00008067
fa010113
04812c23
10000437
03712e23
00050b93
0d840513
04112e23
04912a23
05212823
05312623
05412423
05512223
05612023
00068a93
00060b13
00070a13
00080913
00088493
00078993
184000ef
06012783
01010593
0d840513
02f12623
01712823
01612a23
01512c23
01412e23
03312023
03212223
02912423
00012023
00012223
00012423
00012623
268000ef
0007a5b7
12058593
0d840513
330000ef
00010593
01010513
00400613
748000ef
05c12083
05812403
05412483
05012903
04c12983
04812a03
04412a83
04012b03
03c12b83
06010113
00008067
ff010113
0330000f
10000e37
0d0e0e13
000e2e83
60700737
001ef793
00078463
60702737
00001837
80080813
01070333
80418793
000018b7
00072503
0007a683
010705b3
01170633
00a6c6b3
00d7a023
0005a683
0007a583
01070713
00b6c6b3
00d7a023
00062683
0007a603
00c6c6b3
00d7a023
fce312e3
001ece93
01de2023
0330000f
00012623
00c12683
7ff00793
7ff00713
00d7ee63
00000013
00c12783
00178793
00f12623
00c12783
fef776e3
01010113
00008067
600107b7
10078693
40078713
00f52223
600117b7
8001a223
80078793
10000637
00b52023
00050a23
0c062823
00d52423
00e52623
00f52823
00008067
0015f593
00b50a23
02059863
600107b7
60011737
40078693
80070713
10078793
60010637
00c52223
00f52423
00d52623
00e52823
00008067
600117b7
60012737
40078693
80070713
10078793
60011637
00c52223
00f52423
00d52623
00e52823
00008067
06058863
00100813
0b058063
00200813
0b058263
00300813
03058463
00b52023
00c52223
00d52423
00e52823
00f52e23
00052623
00052a23
00052c23
00008067
00d52423
600706b7
00b52023
00c52223
00d52623
00e52823
00f52e23
08000893
1f400813
01052a23
01152c23
00008067
01000893
00100813
10000337
00259e13
00030313
01c30333
00032303
00b52023
00c52223
00d52423
00652623
00e52823
00f52e23
fc1ff06f
01000893
00300813
fc9ff06f
00200893
0a100813
fbdff06f
00452783
0005a703
ff010113
00812423
00912223
00112623
00e7a023
0045a703
00058413
00050493
00e7a223
0085a703
00e7a423
00c5a703
00e7a623
0105a703
00e7a823
0145a703
00e7aa23
0185a703
00e7ac23
01c5a703
00e7ae23
0185a683
0085a783
00269713
00f70733
00068863
0007a023
00478793
fee79ce3
d6dff0ef
0004a783
00200713
00c12083
00e7a023
0004a783
00000513
0007a423
00042703
0004a783
00812403
00e7a623
0044a703
0004a783
00e7a823
0004a783
00100713
0007aa23
0004a783
00412483
00e7a023
01010113
00008067
fff58693
04058663
00052503
00000713
fff00813
00450513
0100006f
0017b713
fff68693
03068663
00052783
0017f593
0047f613
00b76733
02061063
0027f793
fc070ee3
fc078ee3
00000513
00008067
ffe00513
00008067
fff00513
00008067
60000737
100006b7
00c68693
ffc70593
00468793
0c068513
10000613
40d585b3
00c0006f
0007a603
00478793
00f586b3
00c6a023
fef518e3
40070793
60001737
48070713
0007a023
00478793
fee79ce3
60000737
40070713
00000693
10000813
01000537
02000593
00f6f793
00379793
00f70633
00478793
00f707b3
01062023
00a7a023
00168693
08470713
fcb69ee3
60006737
600027b7
10070713
0007a023
00478793
fee79ce3
600026b7
00000713
10000813
01000537
04000593
01f77793
00379793
00f68633
00478793
00f687b3
01062023
00a7a023
00170713
10468693
fcb71ee3
6000b737
600077b7
08070713
0007a023
00478793
fee79ce3
6000b737
600077b7
10000613
010006b7
18070713
00c7a023
00d7a223
20c78793
fee79ae3
6000d737
6000c7b7
04070713
0007a023
00478793
fee79ce3
6000d737
6000c7b7
10000613
010006b7
0c070713
00c7a023
00d7a223
10c78793
fee79ae3
6000e7b7
1c078713
0007a023
00478793
fee79ce3
6000e6b7
00000713
00300893
10000813
01000537
01000593
031777b3
00170713
00379793
00f68633
00478793
00f687b3
01062023
00a7a023
01c68693
fcb71ee3
6000e7b7
6000f737
40078793
c4070713
0007a023
00478793
fee79ce3
6000e7b7
6000f737
40078793
10000613
010006b7
cc070713
00c7a023
00d7a223
08c78793
fee79ae3
60025737
00006837
ffffb337
600558b7
0c070693
60020537
14070713
ec030313
10000593
01000637
08080e13
54088893
00050793
0007a023
00478793
fed79ce3
006707b3
00b7a023
00c7a223
51478793
fee79ae3
01c78733
01050533
010686b3
fd1718e3
60054737
ffffc537
000058b7
60068837
04070693
fc050e13
0c070713
f4050513
10000593
01000637
08088313
2c080813
01c687b3
0007a023
00478793
fef69ce3
00a707b3
00b7a023
00c7a223
40c78793
fef71ae3
00670733
011686b3
fd071ae3
60068737
600647b7
08070713
0007a023
00478793
fee79ce3
60068737
600647b7
10000613
010006b7
18070713
00c7a023
00d7a223
20c78793
fee79ae3
600697b7
600696b7
20878713
0007a023
00478793
fee79ce3
10000713
00e6a023
010007b7
00f6a223
10e6a623
10f6a823
98dff06f
02058c63
00100793
04f58263
00200793
06f58863
00300793
00f58463
00008067
00852783
7d078713
0007a023
00478793
fee79ce3
00008067
00852703
020007b7
10078793
00f72023
00008067
00852703
000107b7
00278793
00f72023
00852703
000307b7
00478793
00f72223
00852703
000507b7
00678793
00f72423
00008067
00852703
10000793
1a100693
00f72023
00178793
00470713
fed79ae3
00008067
ff010113
00812423
01852403
00912223
01212023
00112623
00050493
00058913
00867463
00060413
8c1ff0ef
02040463
00241613
00000793
0084a703
00f906b3
00e78733
00072703
00478793
00e6a023
fef614e3
00c12083
00812403
00412483
00012903
01010113
00008067
000017b7
b3c78793
30579073
000027b7
88878793
30079073
00008067
800007b7
00778713
00e50c63
00b78713
02e50063
00378793
00f50863
00008067
00000317
00000067
00000317
00000067
00000317
00000067
0000006f
60000000
6000e000
60020000
00000100
01000000
00000000
00000200
02000000
00000000
00000300
03000000
00000000
00000400
04000000
00000000
00000500
05000000
00000000
00000600
06000000
00000000
00000700
07000000
00000000
00000800
08000000
00000000
00000900
09000000
00000000
00000a00
0a000000
00000000
00000b00
0b000000
00000000
00000c00
0c000000
00000000
00000d00
0d000000
00000000
00000e00
0e000000
00000000
00000f00
0f000000
00000000
00001000
10000000
00000000
00000000
