00
00
00
00
00
00
00
00
00
00
00
00
00
00
00
00
00
00
00
00
00
00
00
00
00
00
00
00
00
00
00
00
00
00
00
00
00
00
00
00
00
00
00
00
00
00
00
00
00
00
00
00
00
00
00
00
00
00
00
00
00
00
00
00
00
00
00
00
00
00
00
00
00
00
00
00
00
00
00
00
00
00
00
00
00
00
00
00
00
00
00
00
00
00
00
00
00
00
00
00
00
00
00
00
00
00
00
00
00
00
00
00
00
00
00
00
00
00
00
00
00
00
00
00
00
00
00
00
00
00
00
00
00
00
00
00
00
00
00
00
00
00
00
00
00
00
00
00
00
00
00
00
00
00
00
00
00
00
00
00
00
00
00
00
00
00
00
00
00
00
00
00
00
00
00
00
00
00
00
00
00
00
00
00
00
00
00
00
00
00
00
00
00
00
00
00
00
00
00
00
00
00
00
00
00
00
00
00
00
00
00
00
00
00
00
00
00
00
00
00
00
00
00
00
00
00
00
00
00
00
00
00
00
00
00
00
00
00
00
00
00
00
00
00
00
00
00
00
00
00
00
00
00
00
00
00
00
00
00
00
00
00
00
00
00
00
00
00
00
00
00
00
00
00
00
00
00
00
00
00
00
00
00
00
00
00
00
00
00
00
00
00
00
00
00
00
00
00
00
00
00
00
00
00
00
00
00
00
00
00
00
00
00
00
00
00
00
00
00
00
00
00
00
00
00
00
00
00
00
00
00
00
00
00
00
00
00
00
00
00
00
00
00
00
00
00
00
00
00
00
00
00
00
00
00
00
00
00
00
00
00
00
00
00
00
00
00
00
00
00
00
00
00
00
00
00
00
00
00
00
00
00
00
00
00
00
00
00
00
00
00
00
00
00
00
00
00
00
00
00
00
00
00
00
00
00
00
00
00
00
00
00
00
00
00
00
00
00
00
00
00
00
00
00
00
00
00
00
00
00
00
00
00
00
00
00
00
00
00
00
00
00
00
00
00
00
00
00
00
00
00
00
00
00
00
00
00
00
00
00
00
00
00
00
00
00
00
00
00
00
00
00
00
00
00
00
00
00
00
00
00
00
00
00
00
00
00
00
00
00
00
00
00
00
00
00
00
00
00
00
00
00
00
00
00
00
00
00
00
00
00
00
00
01
00
81
00
c5
ff
85
00
06
c5
05
55
45
45
c5
00
05
01
b5
05
45
b5
90
80
00
00
01
00
85
11
81
91
21
31
41
51
61
71
81
91
a1
00
50
00
00
c0
01
01
19
01
00
00
00
04
07
04
04
10
00
21
00
01
00
00
09
00
04
04
00
00
21
40
00
00
09
00
09
04
10
00
21
c0
00
00
04
00
04
09
00
00
21
40
10
10
80
00
09
04
00
21
00
00
07
09
10
c0
00
04
05
04
07
b7
47
d7
c7
00
01
07
f7
00
47
00
f7
17
47
d7
01
01
00
07
46
09
07
c7
47
d7
b7
01
01
02
09
00
1a
09
00
05
04
09
04
41
00
10
0b
01
20
64
00
14
09
54
01
01
09
01
1c
0a
09
00
06
04
09
04
51
00
00
0d
09
20
84
04
00
14
09
74
00
00
0a
06
0a
0a
04
20
51
c0
4c
91
20
00
0a
06
01
0a
0b
20
00
00
01
11
21
31
41
51
61
71
81
91
a1
b1
c1
d1
e1
f1
01
11
21
31
41
51
61
71
81
91
a1
b1
c1
d1
e1
f1
20
10
f5
06
50
80
50
41
81
c1
01
41
81
c1
01
41
81
c1
01
41
81
c1
01
41
81
c1
01
41
81
c1
01
41
81
c1
01
41
81
c1
01
20
00
00
01
81
00
91
05
84
11
40
04
84
c0
84
87
07
c7
01
17
04
01
80
01
84
01
01
01
01
c0
07
05
84
40
01
01
40
d0
c1
81
41
01
00
01
81
00
71
05
84
11
91
21
31
41
51
61
06
06
07
08
08
07
40
01
01
84
f1
71
61
51
41
31
21
91
01
01
01
01
80
07
05
84
00
01
01
40
80
c1
81
41
01
c1
81
41
01
c1
01
00
01
30
00
0e
0e
70
1e
07
70
00
08
07
41
00
07
07
07
17
a6
d7
05
07
07
b6
d7
06
07
c6
d7
e3
1e
de
30
01
c1
f0
f0
d7
00
c1
17
f1
c1
f7
01
00
01
07
07
f5
01
01
07
00
b5
05
06
d5
e5
f5
00
15
b5
05
01
01
07
07
07
01
c5
f5
d5
e5
00
01
01
07
07
07
01
c5
f5
d5
e5
00
05
10
05
20
05
30
05
b5
c5
d5
e5
f5
05
05
05
00
d5
07
b5
c5
d5
e5
f5
00
40
05
15
00
00
10
00
25
03
c3
03
b5
c5
d5
65
e5
f5
1f
00
30
9f
20
10
df
45
05
01
81
91
11
e7
45
05
05
e7
85
e7
c5
e7
05
e7
45
e7
85
e7
c5
e7
85
85
26
f7
06
07
47
e7
df
04
20
c1
e7
04
00
07
04
04
81
e7
44
04
e7
04
10
07
04
41
e7
01
00
f5
05
05
00
f0
45
00
17
f6
06
05
17
47
b7
06
27
07
07
00
00
e0
00
f0
00
00
00
c6
c7
46
06
00
d5
c0
07
47
f5
c6
f5
07
00
07
07
47
e7
00
07
00
00
00
00
f6
37
f7
47
f7
06
a7
16
47
b6
00
00
07
07
47
e7
00
00
00
00
00
f7
37
f6
47
f6
06
a7
17
46
b7
00
00
07
07
47
e7
00
00
00
00
07
c7
d7
c7
e7
00
00
07
07
47
e7
00
00
00
00
07
c7
d7
c7
e7
00
07
07
47
e7
00
00
30
00
00
00
17
17
37
f6
47
f6
06
a7
c6
b7
00
00
07
07
07
47
e7
00
00
07
00
00
07
c7
d7
c7
e7
02
00
ff
05
07
02
07
03
00
00
08
08
05
07
47
d7
67
b7
c7
47
e7
c7
05
06
17
05
ff
00
06
07
05
07
05
00
00
08
08
c6
07
47
f6
a7
b7
c7
c7
f7
67
16
07
06
06
07
07
47
e7
06
06
00
00
07
c7
d7
c7
e7
06
06
87
07
47
e7
00
e6
00
f6
e6
f6
df
05
10
f5
20
f5
30
f5
00
85
07
07
47
e7
00
85
00
07
f7
00
85
01
27
f7
85
03
47
f7
85
05
67
f7
00
85
00
10
f7
17
47
d7
00
01
81
85
91
21
11
05
05
86
06
1f
04
24
00
84
f9
e7
07
47
e6
f6
c1
81
41
01
01
00
00
c7
57
00
87
07
00
00
77
e5
b7
e5
37
f5
00
00
00
00
00
00
00
00
00
00
02
00
00
00
00
00
00
00
00
00
00
00
00
00
00
00
00
00
00
00
00
00
00
00
00
00
00
00
00
00
00
00
00
00
00
00
00
00
00
00
00
00
00
00
00
00
00
00
00
00
