00
00
00
00
00
00
00
00
00
00
00
00
00
00
00
00
00
00
00
00
00
00
00
00
00
00
00
00
00
00
00
00
00
00
00
00
00
00
00
00
00
00
00
00
00
00
00
00
00
00
00
00
00
00
00
00
00
00
00
00
00
00
00
00
00
00
00
00
00
00
00
00
00
00
00
00
00
00
00
00
00
00
00
00
00
00
00
00
00
00
00
00
00
00
00
00
00
00
00
00
00
00
00
00
00
00
00
00
00
00
00
00
00
00
00
00
00
00
00
00
00
00
00
00
00
00
00
00
00
00
00
00
00
00
00
00
00
00
00
00
00
00
00
00
00
00
00
00
00
00
00
00
00
00
00
00
00
00
00
00
00
00
00
00
00
00
00
00
00
00
00
00
00
00
00
00
00
00
00
00
00
00
00
00
00
00
00
00
00
00
00
00
00
00
00
00
00
00
00
00
00
00
00
00
00
00
00
00
00
00
00
00
00
00
00
00
00
00
00
00
00
00
00
00
00
00
00
00
00
00
00
00
00
00
00
00
00
00
00
00
00
00
00
00
00
00
00
00
00
00
00
00
00
00
00
00
00
00
00
00
00
00
00
00
00
00
00
00
00
00
00
00
00
00
00
00
00
00
00
00
00
00
00
00
00
00
00
00
00
00
00
00
00
00
00
00
00
00
00
00
00
00
00
00
00
00
00
00
00
00
00
00
00
00
00
00
00
00
00
00
00
00
00
00
00
00
00
00
00
00
00
00
00
00
00
00
00
00
00
00
00
00
00
00
00
00
00
00
00
00
00
00
00
00
00
00
00
00
00
00
00
00
00
00
00
00
00
00
00
00
00
00
00
00
00
00
00
00
00
00
00
00
00
00
00
00
00
00
00
00
00
00
00
00
00
00
00
00
00
00
00
00
00
00
00
00
00
00
00
00
00
00
00
00
00
00
00
00
00
00
00
00
00
00
00
00
00
00
00
00
00
00
00
00
00
00
00
00
00
00
00
00
00
00
00
00
00
00
00
00
00
00
00
00
00
00
00
00
00
00
00
00
00
00
00
00
00
00
00
00
00
00
00
00
00
00
00
00
00
00
00
00
00
00
00
00
00
00
00
00
00
00
00
00
00
00
00
00
00
00
00
00
00
00
00
00
00
00
00
00
00
00
10
11
10
7f
00
b1
0f
7e
10
8f
00
00
00
00
00
fe
10
8d
82
00
00
00
fe
0e
00
00
f7
08
10
40
12
08
08
09
07
07
07
07
07
07
07
07
05
5c
02
00
12
5e
12
00
00
60
27
01
00
00
00
00
03
61
03
38
00
60
60
c0
80
40
02
01
40
00
00
01
3b
60
80
40
80
04
02
60
00
00
01
38
c0
80
40
02
04
60
00
00
01
36
01
02
40
80
c0
60
00
00
01
33
00
12
4f
00
60
00
1b
01
00
00
00
00
03
52
03
29
60
c0
80
40
01
01
40
00
00
01
2c
80
40
60
1a
60
00
40
00
60
40
0a
01
12
00
00
12
45
03
12
03
02
03
03
05
05
05
05
02
02
02
02
53
00
12
60
00
02
03
63
01
60
00
04
f8
60
80
60
40
00
00
00
40
08
01
00
12
00
00
12
3a
03
12
03
02
03
03
05
05
05
05
02
02
02
02
48
00
12
55
00
02
03
58
01
60
00
04
00
f8
60
02
04
00
60
c0
80
00
00
01
01
13
01
00
00
00
00
02
00
60
60
c0
00
00
10
00
f8
00
00
00
00
00
00
00
02
02
02
02
02
02
02
02
05
05
05
05
05
05
05
05
07
07
07
07
07
07
07
07
34
34
01
00
4f
00
52
00
00
00
01
01
01
01
02
02
02
02
03
03
03
03
04
04
04
04
05
05
05
05
06
06
06
06
07
07
07
07
08
30
00
00
00
00
00
ff
00
00
00
01
01
00
01
00
00
00
01
02
01
01
41
41
01
00
40
00
41
03
00
00
00
00
00
ff
00
00
06
00
00
00
00
00
00
01
00
00
00
04
00
00
00
01
00
01
41
00
00
01
01
41
03
03
00
01
00
01
00
00
f8
00
00
00
f6
04
08
41
00
40
40
01
00
00
40
40
06
06
01
41
00
00
00
00
01
00
08
01
00
01
00
40
00
00
fc
00
fa
00
00
00
00
00
ff
01
00
00
f8
ff
f9
fe
01
00
ff
00
00
01
01
00
00
00
01
00
01
01
00
00
00
ff
08
00
ff
00
00
01
00
00
00
00
01
01
41
41
01
00
01
00
00
00
00
00
00
00
00
00
00
00
00
01
01
41
02
00
02
01
01
00
01
01
fb
08
40
01
41
40
01
00
01
40
41
09
08
01
41
00
00
00
00
00
00
00
00
f0
01
01
01
01
00
00
00
00
02
00
08
01
01
01
00
40
00
01
f8
f9
01
f9
f7
01
f8
f8
60
00
f4
60
0a
0a
0a
0b
0b
0b
0b
0b
09
09
09
09
09
60
00
00
00
00
00
fa
00
00
00
41
00
00
00
02
00
00
01
00
01
01
02
00
00
00
00
00
00
fb
3e
00
02
03
03
05
60
00
00
00
00
00
41
01
60
00
41
00
00
00
00
00
00
00
00
00
00
00
00
01
00
00
40
03
41
01
40
40
01
01
00
00
00
01
03
40
01
00
00
40
01
41
40
00
02
00
00
00
00
02
00
02
01
00
00
01
02
01
00
02
00
03
01
00
02
02
01
03
02
01
01
00
01
00
03
03
02
00
03
03
00
03
01
00
00
02
00
00
00
00
02
01
00
00
03
01
00
01
00
01
01
00
00
01
01
00
3e
00
00
e9
04
04
3e
00
05
04
35
00
00
3e
00
00
00
02
02
33
00
00
00
00
3e
00
00
00
02
02
30
00
04
04
04
04
00
00
02
00
60
ff
60
60
00
10
30
00
60
00
00
60
40
00
00
18
03
01
01
41
41
03
24
41
00
41
41
01
00
00
40
00
41
40
40
41
03
03
03
01
00
03
22
41
01
40
40
01
00
00
40
00
40
40
41
41
03
00
00
01
01
00
00
03
03
01
00
03
1e
40
00
41
41
01
00
01
40
01
41
41
40
41
01
40
00
00
41
00
0c
02
08
20
20
03
00
02
00
03
02
03
00
00
00
00
01
00
00
00
00
00
01
00
17
00
00
00
00
00
00
41
00
00
00
00
fe
41
0f
00
00
00
01
00
00
00
00
00
00
00
00
00
00
00
00
00
41
00
40
00
00
01
00
00
00
00
00
00
00
01
00
41
dc
03
00
01
01
41
41
03
da
01
01
01
01
00
01
41
40
03
03
03
01
00
03
dc
01
01
00
01
00
00
40
de
01
00
01
01
00
01
40
e2
00
00
02
02
00
00
01
00
00
00
02
00
08
02
00
cc
00
00
02
00
ca
01
00
02
02
00
01
00
00
40
00
01
00
01
00
00
00
00
00
fe
00
02
fc
00
52
02
02
00
00
00
00
00
01
00
00
01
00
01
00
00
00
02
00
41
01
00
40
00
00
01
00
40
00
01
01
00
00
f8
01
00
00
03
03
04
06
40
01
40
06
40
06
00
40
01
00
00
00
00
00
fe
00
04
fc
00
42
02
03
00
00
00
00
00
01
00
00
01
00
01
00
00
00
02
00
40
01
00
40
00
00
00
00
40
00
01
01
00
00
f8
02
03
02
02
00
02
00
02
00
00
04
05
04
00
3e
00
00
06
ff
00
30
30
01
00
00
00
00
01
52
00
34
34
05
05
06
02
d0
02
02
00
00
01
26
01
03
00
01
00
07
06
06
06
60
00
08
ff
60
ff
ff
00
02
00
01
00
00
00
00
00
09
00
00
10
41
40
41
00
40
40
41
02
03
03
00
00
03
18
00
40
40
40
41
24
01
01
00
00
00
00
00
f6
00
01
00
00
00
00
f7
00
00
60
00
00
00
20
ff
60
ff
ff
3e
02
00
01
00
00
00
00
0b
01
00
00
01
00
40
41
41
00
40
40
41
02
02
02
00
00
02
0a
00
40
40
40
40
0a
01
01
00
00
00
00
00
f6
01
00
00
00
00
f7
0b
0b
00
80
0b
0b
0a
0a
0a
0a
09
09
09
09
08
0c
00
08
40
e8
00
e8
e8
20
40
f6
00
f6
f5
f4
00
f5
05
04
3e
00
27
00
01
00
00
00
01
00
25
00
00
d4
50
ff
d4
c1
ce
00
40
40
40
00
01
00
00
01
00
20
02
80
02
40
cd
00
b6
00
cc
80
ff
cb
db
00
da
80
ca
fa
00
00
05
00
00
ff
04
04
05
05
05
03
03
03
04
05
03
03
00
00
00
00
00
00
00
00
00
00
ff
01
00
00
00
00
00
00
00
00
01
00
f9
00
00
00
00
00
00
00
00
00
00
00
f6
00
60
00
00
00
ff
00
01
00
00
00
00
01
41
ff
41
00
01
01
00
01
00
01
00
00
f5
01
01
00
00
00
01
f2
05
05
05
05
04
04
04
04
03
03
03
03
02
06
00
e1
1d
10
11
00
00
1e
1e
1e
1f
1d
1d
1d
1d
1d
1d
1d
1b
32
80
48
60
20
00
00
02
3e
00
60
60
df
60
00
00
60
60
01
00
04
00
03
02
80
70
02
03
fb
60
08
00
04
0b
03
90
90
f8
00
ff
00
60
ff
0b
00
00
30
30
00
08
00
00
41
10
00
00
00
00
1f
02
00
00
01
60
d5
00
00
00
02
00
00
00
1f
00
00
60
d2
03
02
2c
08
40
00
40
40
01
00
00
40
40
00
40
40
ff
1e
00
03
02
20
08
40
00
40
40
01
00
00
40
40
00
40
40
ff
2a
00
00
60
00
00
00
20
01
01
00
00
00
00
1f
00
ec
00
04
00
0f
ea
60
60
40
00
00
08
0f
04
40
60
60
00
00
bd
00
50
50
00
ff
ff
60
02
00
01
00
00
00
10
08
00
00
00
00
07
00
00
08
00
00
60
b9
ff
41
00
01
41
00
07
00
fa
02
00
01
00
00
00
00
00
00
f6
ff
00
00
00
00
10
f6
01
00
00
1e
1e
1e
1e
1d
1d
1d
1d
1c
1c
1c
1c
1b
1f
00
00
ff
e0
01
41
ff
41
00
01
03
41
02
de
08
00
00
01
00
00
00
40
00
01
00
08
00
00
60
00
00
00
00
de
ff
00
00
df
08
00
00
01
00
00
00
40
00
01
00
00
00
d4
f4
00
f2
00
d3
00
00
f6
01
41
00
00
01
41
d5
fe
ff
d4
fd
d4
b8
80
ff
00
00
00
00
d2
60
00
00
00
00
01
00
80
ff
00
00
00
00
cf
60
00
00
00
00
00
00
00
00
01
00
ff
00
00
01
00
00
00
00
a8
00
04
41
00
00
00
00
fe
60
00
9f
60
04
04
00
20
00
00
00
00
fe
40
00
04
24
00
00
00
00
fe
00
00
00
00
01
00
fe
00
10
00
00
00
12
00
00
00
00
00
32
00
12
12
3e
00
00
00
41
01
01
01
02
00
fa
04
10
03
00
12
04
04
05
05
05
05
05
00
00
00
00
00
00
17
06
01
12
02
01
01
01
01
03
03
02
00
00
00
00
26
00
12
12
32
00
01
00
35
05
05
05
05
04
04
04
04
03
06
00
ff
03
80
00
60
00
00
60
00
80
01
80
00
00
00
01
01
00
00
00
00
01
00
00
00
00
00
00
fc
00
01
03
00
00
7f
7f
00
00
00
00
00
00
fe
01
00
60
10
40
00
60
80
80
00
00
80
00
00
00
00
00
00
02
60
60
40
80
10
60
00
00
00
00
00
60
60
40
80
10
60
00
00
00
00
00
06
00
0b
00
0b
00
03
00
00
00
00
00
00
00
00
00
00
60
00
00
00
00
00
00
00
01
01
00
01
00
10
00
00
01
00
00
00
00
00
00
00
fc
01
00
fc
00
0a
fb
00
00
ff
00
00
00
00
00
00
00
00
00
00
00
00
01
00
01
00
01
00
01
00
01
00
00
00
00
00
00
fe
d7
00
00
00
00
00
00
00
00
00
00
00
00
00
00
00
00
00
00
00
00
01
00
02
00
ff
00
00
00
00
fe
00
00
ff
00
ff
00
ce
ff
00
01
00
01
00
00
00
00
00
cb
02
00
00
00
00
00
00
00
00
fe
00
00
00
00
01
00
00
bd
30
00
88
30
00
80
00
00
00
02
00
00
00
00
00
00
00
00
00
00
00
00
12
00
00
40
ff
40
40
00
00
00
00
0e
16
00
24
01
44
01
01
0f
61
00
00
02
00
40
00
00
00
00
00
00
01
02
01
01
01
02
02
01
00
00
00
ff
00
40
00
40
02
01
01
02
02
01
01
00
01
ff
00
ff
00
00
01
00
00
00
00
40
40
40
00
02
00
00
fd
00
40
40
40
ff
ec
00
14
01
32
01
01
0f
50
00
00
02
00
41
1d
32
00
00
00
f7
00
00
02
00
0c
01
2e
01
01
0f
4b
00
00
02
00
40
0c
01
40
01
01
00
01
03
03
03
01
00
00
00
ff
00
2c
00
40
03
01
01
03
03
01
01
01
00
ff
00
ff
01
00
01
00
ea
0f
00
f4
00
00
f4
0f
00
dc
00
00
dc
0f
1e
00
00
eb
00
00
01
03
00
00
00
01
01
01
00
03
03
01
00
00
00
ff
1c
1c
ff
00
40
03
01
01
03
02
01
00
00
00
ff
18
18
ff
00
01
40
00
ea
01
00
00
01
01
03
01
01
00
01
00
01
00
03
03
01
00
00
00
ff
12
12
ff
00
40
03
01
01
03
02
01
00
01
00
ff
0c
0d
ff
00
01
00
00
ff
00
01
00
01
02
41
02
01
02
00
00
02
00
01
01
00
02
00
00
cc
00
ff
00
01
00
00
01
fc
ff
00
c9
01
01
ce
00
00
cd
01
01
d2
01
01
bb
00
00
c5
00
f3
00
e8
00
ee
00
e3
ff
00
be
ff
00
d3
00
00
00
00
0c
12
00
20
01
42
01
01
0f
15
00
00
02
01
41
01
00
01
00
01
00
01
02
01
01
01
02
02
01
00
00
01
ff
01
3e
00
40
02
01
01
02
02
01
00
00
01
ff
01
ff
00
00
01
00
00
00
00
00
00
00
00
14
01
32
01
01
0f
06
01
00
02
00
41
1d
32
00
00
00
00
00
00
02
00
0c
01
2e
01
01
0f
01
00
00
02
01
41
0d
01
41
01
01
00
01
03
03
03
01
00
00
01
ff
01
2c
00
40
03
01
01
03
03
01
00
01
00
ff
01
ff
01
00
01
00
00
0f
00
f5
00
00
f4
0f
00
de
00
00
de
0f
1e
00
00
eb
00
01
01
03
01
01
00
01
00
01
00
03
03
01
00
00
01
ff
1d
1c
ff
01
40
03
01
01
03
02
01
01
00
01
ff
19
18
ff
01
01
40
00
ea
01
01
00
01
01
03
01
01
01
01
01
01
01
03
03
01
00
00
00
ff
12
12
ff
00
40
03
01
01
03
02
01
01
00
00
ff
0c
0c
ff
00
01
00
00
ff
00
01
00
01
02
40
02
01
02
00
00
02
00
01
01
00
02
00
00
00
00
00
ff
00
01
00
01
01
fc
ff
00
00
01
01
ce
00
00
cd
01
01
d2
01
01
bd
00
00
00
00
f3
00
e7
00
ee
00
e3
ff
01
c1
ff
01
d3
60
60
60
02
03
04
04
05
05
05
05
06
06
06
06
06
06
06
06
07
07
07
07
07
07
07
07
07
07
07
07
07
07
07
07
08
08
08
08
08
08
08
08
08
08
08
08
08
08
08
08
08
08
08
08
08
08
08
08
08
08
08
08
08
08
08
08
00
