00
00
00
00
00
00
00
00
00
00
00
00
00
00
00
00
00
00
00
00
00
00
00
00
00
00
00
00
00
00
00
00
00
00
00
00
00
00
00
00
00
00
00
00
00
00
00
00
00
00
00
00
00
00
00
00
00
00
00
00
00
00
00
00
00
00
00
00
00
00
00
00
00
00
00
00
00
00
00
00
00
00
00
00
00
00
00
00
00
00
00
00
00
00
00
00
00
00
00
00
00
00
00
00
00
00
00
00
00
00
00
00
00
00
00
00
00
00
00
00
00
00
00
00
00
00
00
00
00
00
00
00
00
00
00
00
00
00
00
00
00
00
00
00
00
00
00
00
00
00
00
00
00
00
00
00
00
00
00
00
00
00
00
00
00
00
00
00
00
00
00
00
00
00
00
00
00
00
00
00
00
00
00
00
00
00
00
00
00
00
00
00
00
00
00
00
00
00
00
00
00
00
00
00
00
00
00
00
00
00
00
00
00
00
00
00
00
00
00
00
00
00
00
00
00
00
00
00
00
00
00
00
00
00
00
00
00
00
00
00
00
00
00
00
00
00
00
00
00
00
00
00
00
00
00
00
00
00
00
00
00
00
00
00
00
00
00
00
00
00
00
00
00
00
00
00
00
00
00
00
00
00
00
00
00
00
00
00
00
00
00
00
00
00
00
00
00
00
00
00
00
00
00
00
00
00
00
00
00
00
00
00
00
00
00
00
00
00
00
00
00
00
00
00
00
00
00
00
00
00
00
00
00
00
00
00
00
00
00
00
00
00
00
00
00
00
00
00
00
00
00
00
00
00
00
00
00
00
00
00
00
00
00
00
00
00
00
00
00
00
00
00
00
00
00
00
00
00
00
00
00
00
00
00
00
00
00
00
00
00
00
00
00
00
00
00
00
00
00
00
00
00
00
00
00
00
00
00
00
00
00
00
00
00
00
00
00
00
00
00
00
00
00
00
00
00
00
00
00
00
00
00
00
00
00
00
00
00
00
00
00
00
00
00
00
00
00
00
00
00
00
00
00
00
00
00
00
00
00
00
00
00
00
00
00
00
00
00
00
00
00
00
00
00
00
00
00
00
00
00
00
00
00
00
00
00
00
00
00
00
00
00
00
00
00
00
00
00
00
00
00
00
00
00
00
00
00
00
00
00
00
00
01
81
71
01
35
05
f5
85
06
06
fc
22
a0
05
85
e8
05
05
85
78
20
05
6c
20
00
00
01
22
04
45
85
26
24
20
2e
2c
2a
28
26
24
22
20
2e
10
20
05
85
10
8a
a5
0a
1b
10
a7
a6
a6
07
05
05
10
05
10
0a
0b
07
07
06
86
08
08
07
05
05
20
10
29
87
06
06
08
08
27
05
05
20
10
87
86
06
08
08
77
05
05
20
10
08
08
86
86
07
c7
05
05
20
10
05
85
10
a5
04
0d
10
a7
a6
a6
07
05
05
10
05
10
e7
87
86
06
08
08
07
05
05
20
10
86
85
25
10
37
aa
89
09
2d
8c
0c
0b
8a
6b
85
85
10
05
85
2c
2e
28
2a
20
22
24
26
20
22
24
26
10
85
85
10
06
05
05
10
04
07
cd
89
16
37
89
2a
89
aa
07
0d
8a
0c
0c
8b
0a
5b
85
85
10
05
85
2c
2e
28
2a
20
22
24
26
20
22
24
26
10
05
85
10
06
05
05
10
04
47
8e
09
cd
14
34
08
08
87
47
06
06
85
05
20
2e
10
2e
07
87
20
08
08
87
97
36
06
05
05
10
00
01
22
24
26
28
2a
2c
2e
20
22
24
26
28
2a
2c
2e
20
22
24
26
28
2a
2c
2e
20
22
24
26
28
2a
2c
2e
25
25
56
06
10
00
10
20
21
21
22
22
23
23
24
24
25
25
26
26
27
27
28
28
29
29
2a
2a
2b
2b
2c
2c
2d
2d
2e
2e
2f
2f
01
00
00
00
d3
13
06
01
2e
26
24
22
20
f6
24
89
84
14
9e
0f
de
9e
de
d3
d7
93
06
e3
84
8f
07
9e
02
06
8f
87
8f
86
4e
88
88
de
53
1e
13
0e
83
f8
78
78
29
fe
84
de
29
18
d8
f3
04
d3
18
58
83
98
88
33
0e
83
03
06
10
86
8f
82
16
da
07
07
36
07
07
16
d7
e7
57
06
4e
08
95
55
24
24
29
29
01
80
86
be
83
97
d6
d3
e6
48
90
87
ec
24
86
24
29
29
85
01
80
87
78
85
f0
01
28
02
89
2e
2c
2a
26
84
04
05
24
86
22
20
0f
07
03
82
08
8a
c9
d8
98
08
a3
f8
7e
84
5e
9e
de
d8
d3
9a
6a
9e
8f
8e
53
13
03
2b
7b
18
0e
73
84
53
13
53
8b
0f
98
83
3b
0e
88
0a
98
d2
0e
33
08
88
93
de
6e
d8
03
48
84
13
53
90
86
54
90
83
86
8f
87
18
24
24
29
29
2a
2a
2b
2b
01
80
03
38
88
9e
53
d8
63
46
96
64
90
f0
7e
90
86
f0
37
af
01
4e
2e
2c
2a
28
26
24
22
20
2e
2c
2a
28
26
38
0f
0e
06
07
06
0e
a7
88
05
d5
37
86
05
88
07
86
d4
8f
88
33
92
d4
8f
06
07
0e
86
96
06
06
2e
2a
2c
10
37
a7
28
03
46
a3
53
27
3a
2a
d0
03
0d
04
09
02
0d
04
09
05
05
0f
2f
27
07
8b
08
8e
57
36
07
07
18
1c
d6
d6
66
0e
0e
58
3a
3b
66
57
44
07
83
3c
0f
05
83
9e
0a
8e
1f
b7
0a
b4
0f
09
07
09
84
3a
97
0c
87
89
0f
0a
0f
bc
87
0f
8c
34
89
04
8e
07
0f
07
07
08
0f
36
88
3c
02
0a
07
87
07
0d
3e
86
b6
83
b8
07
0d
06
0d
8e
85
85
8c
27
87
2a
07
06
0f
f0
22
2a
06
06
28
20
10
07
87
06
06
85
85
22
24
10
07
87
05
05
06
06
04
84
26
28
10
02
24
26
2c
2e
2c
2e
20
26
79
82
89
94
48
04
0c
27
3b
0b
9a
37
83
0a
0c
00
1d
d7
9f
58
df
0f
56
86
bf
0d
0d
17
56
e6
5f
37
0f
0d
0f
57
0d
87
36
87
87
08
dc
88
b6
07
87
9d
56
e6
d7
38
07
06
88
dd
8d
06
35
88
08
06
05
0f
b7
8f
0f
87
58
87
bf
0f
0f
1d
df
6f
5f
37
0f
0f
07
0f
3f
07
85
03
87
0e
96
07
0c
0b
83
07
97
06
17
05
36
33
86
87
b5
86
b5
8b
03
07
87
8a
07
8a
00
06
06
07
a7
86
05
d7
b5
07
86
07
90
57
f7
86
3e
8e
9e
56
ee
0e
03
07
05
06
05
d7
97
2f
87
a6
0f
f7
5d
7f
84
5f
0f
d7
97
06
87
28
a7
16
ff
56
90
1d
f7
18
9f
58
df
0f
4e
07
bf
0f
16
dd
6d
57
5f
0d
87
36
87
87
08
c8
06
38
08
17
56
e6
58
f0
8f
b7
87
9f
df
6f
d7
f0
26
07
0c
26
68
9e
26
7a
26
2e
20
2c
07
00
26
f0
2c
2e
20
26
f0
27
04
25
04
d6
97
d7
07
06
04
14
64
95
57
d6
67
06
87
e4
16
25
6e
e7
82
28
23
06
07
0e
88
35
9e
55
e5
05
d8
9f
5f
86
07
6a
87
8e
b2
08
03
35
14
ea
88
83
06
87
e7
d6
65
98
97
56
e7
26
27
25
22
07
26
57
26
d6
24
07
06
95
d7
d6
67
06
07
e4
16
25
6e
67
0e
28
25
07
0e
03
08
35
1e
56
e6
85
58
9f
df
07
8e
6a
07
0e
32
88
03
b6
94
6a
88
85
87
0e
e7
d6
e6
18
25
27
06
06
07
b4
06
09
84
67
0c
2a
29
06
06
05
85
10
06
87
ce
88
97
55
e5
06
86
15
10
07
92
40
27
26
28
37
09
89
04
19
09
e7
98
27
27
85
97
05
2a
2c
2e
08
46
06
0f
0e
1e
03
85
08
00
f7
9f
e7
20
86
06
08
8e
24
22
2f
57
07
d2
34
87
87
d2
82
87
33
87
87
07
d4
37
07
87
df
07
de
1f
df
d7
17
07
27
f2
94
f7
e7
20
86
06
08
96
85
05
36
06
2f
3f
0e
0e
03
08
85
08
00
f7
92
e7
20
86
06
80
07
22
a4
07
a3
87
d7
54
b2
87
87
d2
82
87
34
87
87
07
d8
37
87
87
d2
07
d8
12
d2
d7
17
07
27
f3
92
f7
e7
20
86
06
94
20
24
07
a2
24
29
29
2a
2a
2b
2b
2c
2c
2d
2d
01
80
87
d7
c6
8f
76
f0
87
d7
c2
02
72
f0
7a
82
f0
25
25
06
06
10
87
97
55
86
06
15
e5
10
96
89
5c
09
89
f0
07
78
37
07
05
87
55
97
06
86
15
e5
10
9e
07
6a
07
f0
07
f0
07
f0
07
c7
f0
74
8f
f0
07
f0
01
2e
57
22
2c
0a
77
2c
2a
28
26
24
2a
28
26
2e
20
2e
2c
04
0a
8c
09
89
04
8d
28
2a
0d
8a
2b
0b
08
88
87
07
06
86
85
20
05
e0
07
0c
20
07
87
06
86
08
88
85
05
e0
d7
07
17
87
27
06
f6
ff
ff
07
54
07
97
d7
c6
d6
f7
96
e7
04
e7
20
27
0b
8b
92
27
27
0d
87
2a
27
10
20
24
24
29
29
2a
2a
2b
2b
2c
2c
2d
2d
01
80
01
2a
0a
87
2e
a7
26
24
22
20
2e
2c
28
26
24
22
20
2e
9a
a7
80
09
06
08
08
07
07
06
05
05
f0
17
a3
a8
24
15
d8
08
07
07
06
06
05
05
16
17
e0
65
07
08
07
06
06
85
05
e0
87
8b
07
5b
87
0a
09
0a
8b
09
2c
14
1c
8d
dd
8c
0c
88
08
07
07
06
86
05
20
05
e0
07
04
20
06
07
88
08
07
86
05
05
e0
26
87
d4
07
07
36
07
07
16
d7
e7
86
57
b7
07
07
07
5c
06
26
87
5e
07
07
35
07
07
16
d7
67
85
57
b7
07
07
07
5a
d7
97
07
07
27
f6
0a
26
96
f7
e6
20
0c
07
8d
1c
8a
07
0a
89
96
19
55
06
08
08
07
07
06
85
05
1b
89
04
f0
0c
8b
09
8b
89
84
2a
00
77
96
e7
a0
0c
07
0e
04
0c
20
07
07
08
08
06
86
05
05
e0
47
d7
77
97
d7
04
07
8c
1c
c4
86
d4
76
57
97
07
a7
76
16
06
77
67
a0
0c
07
16
27
07
20
20
24
24
29
29
2a
2a
2b
2b
2c
2c
2d
2d
01
80
16
87
62
16
d6
c6
d6
76
16
26
d6
87
46
87
37
87
96
57
67
05
d7
b6
87
07
50
d7
97
07
07
27
f6
06
1a
06
f7
e6
f0
87
37
87
96
57
e7
06
d7
36
87
87
56
06
f0
10
87
6c
06
f0
16
87
fe
97
d7
d4
85
96
d6
f0
12
87
e4
f0
e0
f0
a7
01
24
26
04
94
e0
17
a7
20
20
24
01
80
a7
01
24
26
04
94
e0
17
a7
20
20
a7
22
a7
24
24
01
80
01
24
22
20
04
89
04
26
f0
07
05
06
a6
07
87
20
98
17
a7
e6
27
06
20
06
85
a6
07
87
20
98
07
87
85
07
a6
06
87
a0
98
20
24
24
29
01
80
01
2a
04
2c
05
04
85
2e
20
22
24
26
00
a5
85
85
00
05
05
06
00
20
24
24
01
80
01
2c
04
2e
0b
05
2e
2a
28
26
24
22
20
8a
0b
0a
09
84
89
00
27
05
05
26
28
2a
2c
2e
20
22
24
20
22
24
26
00
a5
85
05
00
05
05
06
00
20
24
24
29
29
2a
2a
2b
2b
01
80
01
00
8e
2e
07
f7
84
27
18
08
03
87
18
25
a6
05
06
c6
a0
a6
a5
07
c6
a0
26
a6
c6
a0
12
ce
20
00
26
26
07
07
ee
00
27
87
26
27
76
01
80
07
86
87
22
17
a6
87
20
0a
a4
24
26
28
80
f5
0a
98
07
17
86
07
87
06
22
24
26
28
80
17
27
86
07
87
16
22
24
26
28
80
88
08
80
08
82
08
84
20
22
24
28
2e
26
2a
2c
80
24
06
20
22
26
28
2e
08
08
2a
2c
80
08
08
03
9e
03
03
23
20
22
24
26
28
2e
f0
08
08
f0
08
08
f0
27
a7
01
24
22
26
a0
a7
84
04
a2
a7
a4
a7
a6
a7
a8
a7
aa
a7
ac
a7
ae
a6
a7
97
07
88
a0
87
9c
f0
a7
07
20
a0
a7
05
a4
27
a7
24
a6
a7
a7
a8
a7
07
aa
a7
24
a0
01
80
84
27
85
a7
f7
f7
1c
82
05
80
05
80
05
80
f0
01
24
24
22
20
26
04
89
74
04
f0
04
16
07
a7
06
87
27
87
a0
14
20
24
24
29
01
80
17
87
90
27
87
90
80
07
87
0c
87
00
87
08
80
03
00
03
00
03
00
00
0e
08
c6
dc
37
06
48
86
06
87
03
8e
88
98
f0
07
60
07
6a
56
07
d7
07
07
47
06
07
87
8c
95
d7
13
e8
9e
55
d7
16
56
57
f6
05
96
e8
fc
88
87
e4
ec
07
88
d6
1e
5e
f8
06
98
e8
fe
08
87
e6
86
e4
06
95
65
05
0a
37
05
85
05
80
f4
05
05
f0
37
05
85
0e
08
f0
07
e4
07
e0
d5
07
d7
87
87
c8
07
88
83
98
e2
b5
45
05
f0
16
03
53
07
60
07
60
56
07
d7
07
07
47
06
07
87
9a
1f
86
5f
5f
05
57
d7
f6
86
96
e7
7c
07
86
64
64
87
07
56
1e
5e
77
8f
17
67
7e
07
86
66
86
64
06
95
65
f0
07
06
76
56
07
f0
07
06
76
56
07
f0
07
f4
d5
07
f0
13
d6
5f
58
95
d7
e6
1f
5f
d5
9e
77
05
97
e7
fe
87
87
ec
fa
88
87
87
d7
95
d5
f7
06
96
e5
fe
85
07
e6
f4
07
85
98
86
e5
f0
57
96
e6
d7
df
5f
9e
5e
95
d8
e5
d7
16
77
05
17
67
fe
87
07
e2
f0
0f
87
87
d7
95
d5
f7
08
97
e5
fe
85
07
ec
fa
07
85
15
0f
65
87
77
5e
77
56
0f
85
07
56
07
07
87
06
74
06
5e
06
e8
86
05
f0
06
86
77
17
7f
9e
87
fe
05
05
f0
d5
07
f0
85
07
f0
56
07
f0
56
07
f0
05
05
f0
87
f0
87
f0
0f
f0
08
f0
87
88
f0
87
07
f0
8e
08
03
88
9e
fa
07
6a
07
66
57
0e
d7
87
87
c7
07
8e
07
0c
98
5e
18
68
13
d5
55
96
d6
57
77
86
17
68
7c
08
07
64
68
85
08
56
13
53
78
86
18
68
7e
88
07
66
06
64
86
15
65
05
80
f8
05
05
80
07
e4
07
e2
d8
07
d7
87
87
ce
07
0e
8e
98
e4
36
45
05
80
16
07
d8
07
e0
07
e2
d7
0e
d7
87
87
c6
07
8e
82
9a
9f
87
df
5f
05
57
55
77
06
17
67
fc
87
07
e4
e6
05
87
d6
13
53
f7
0f
97
e7
fe
87
07
e6
06
e4
06
15
65
80
07
87
f6
d7
0e
f0
07
07
fc
57
0e
f0
07
f6
d8
07
f0
98
d6
df
5e
9f
5f
97
5e
67
55
13
76
07
96
e6
fe
86
86
ee
fc
8e
86
86
d7
1e
5e
f6
06
97
67
7e
07
86
68
76
87
07
95
07
e5
f0
57
96
e6
d3
df
58
97
57
98
5e
68
57
16
73
05
13
67
fe
87
83
e4
f2
88
87
87
d3
18
58
f7
05
97
e8
7e
08
07
6e
7c
03
08
98
0f
e8
07
f7
d3
77
56
0e
08
07
56
07
07
87
06
74
06
53
06
6a
08
85
05
80
06
86
77
17
7e
15
87
7c
85
05
80
d8
07
f0
88
07
f0
d7
0e
f0
57
0e
f0
05
05
80
83
f0
87
f0
08
f0
0e
f0
05
08
f0
05
87
f0
00
e0
00
01
03
04
04
05
05
05
05
06
06
06
06
06
06
06
06
07
07
07
07
07
07
07
07
07
07
07
07
07
07
07
07
08
08
08
08
08
08
08
08
08
08
08
08
08
08
08
08
08
08
08
08
08
08
08
08
08
08
08
08
08
08
08
08
00
