00000000
00000000
00000000
00000000
00000000
00000000
00000000
00000000
00000000
00000000
00000000
00000000
00000000
00000000
00000000
00000000
00000000
00000000
00000000
00000000
00000000
00000000
00000000
00000000
00000000
00000000
00000000
00000000
00000000
00000000
00000000
00000000
00000000
00000000
00000000
00000000
00000000
00000000
00000000
00000000
00000000
00000000
00000000
00000000
00000000
00000000
00000000
00000000
00000000
00000000
00000000
00000000
00000000
00000000
00000000
00000000
00000000
00000000
00000000
00000000
00000000
00000000
00000000
00000000
00000000
00000000
00000000
00000000
00000000
00000000
00000000
00000000
00000000
00000000
00000000
00000000
00000000
00000000
00000000
00000000
00000000
00000000
00000000
00000000
00000000
00000000
00000000
00000000
00000000
00000000
00000000
00000000
00000000
00000000
00000000
00000000
00000000
00000000
00000000
00000000
00000000
00000000
00000000
00000000
00000000
00000000
00000000
00000000
00000000
00000000
00000000
00000000
00000000
00000000
00000000
00000000
00000000
00000000
00000000
00000000
00000000
00000000
00000000
00000000
00000000
00000000
00000000
00000000
00000000
00000000
00000000
00000000
00000000
00000000
00000000
00000000
00000000
00000000
00000000
00000000
00000000
00000000
00000000
00000000
00000000
00000000
00000000
00000000
00000000
00000000
00000000
00000000
00000000
00000000
00000000
00000000
00000000
00000000
00000000
00000000
00000000
00000000
00000000
00000000
00000000
00000000
00000000
00000000
00000000
00000000
00000000
00000000
00000000
00000000
00000000
00000000
00000000
00000000
00000000
00000000
00000000
00000000
00000000
00000000
00000000
00000000
00000000
00000000
00000000
00000000
00000000
00000000
00000000
00000000
00000000
00000000
00000000
00000000
00000000
00000000
00000000
00000000
00000000
00000000
00000000
00000000
00000000
00000000
00000000
00000000
00000000
00000000
00000000
00000000
00000000
00000000
00000000
00000000
00000000
00000000
00000000
00000000
00000000
00000000
00000000
00000000
00000000
00000000
00000000
00000000
00000000
00000000
00000000
00000000
00000000
00000000
00000000
00000000
00000000
00000000
00000000
00000000
00000000
00000000
00000000
00000000
00000000
00000000
00000000
00000000
00000000
00000000
00000000
00000000
00000000
00000000
00000000
00000000
00000000
00000000
00000000
00000000
00000000
00000000
00000000
00000000
00000000
00000000
00000000
00000000
00000000
00000000
00000000
00000000
00000000
00000000
00000000
00000000
00000000
00000000
00000000
00000000
00000000
00000000
00000000
00000000
00000000
00000000
00000000
00000000
00000000
00000000
00000000
00000000
00000000
00000000
00000000
00000000
00000000
00000000
00000000
00000000
00000000
00000000
00000000
00000000
00000000
00000000
00000000
00000000
00000000
00000000
00000000
00000000
00000000
00000000
00000000
00000000
00000000
00000000
00000000
00000000
00000000
00000000
00000000
00000000
00000000
00000000
00000000
00000000
00000000
00000000
00000000
00000000
00000000
00000000
00000000
00000000
00000000
00000000
00000000
00000000
00000000
00000000
00000000
00000000
00000000
00000000
00000000
00000000
00000000
00000000
00000000
00000000
00000000
00000000
00000000
00000000
00000000
00000000
00000000
00000000
00000000
00000000
00000000
00000000
00000000
00000000
00000000
00000000
00000000
00000000
00000000
00000000
00000000
00000000
00000000
00000000
00000000
00000000
00000000
00000000
00000000
00000000
00000000
00000000
00000000
00000000
00000000
00000000
00000000
00000000
00000000
00000000
00000000
00000000
00000000
00000000
00000000
00000000
00000000
00000000
00000000
00000000
00000000
00000000
00000000
00000000
00000000
00000000
00000000
00000000
00000000
00000000
00000000
00000000
00000000
00000000
00000000
00000000
00000000
00000000
00000000
00000000
00000000
00000000
00000000
00000000
00000000
00000000
00000000
00000000
00000000
00000000
00000000
00000000
00000000
00000000
00000000
00000000
00000000
00000000
00000000
00000000
00000000
00000000
00000000
00000000
00000000
00000000
00000000
00000000
00000000
00000000
00000000
00000000
00000000
00000000
00000000
00000000
00000000
00000000
00000000
00000000
00000000
00000000
00000000
00000000
00000000
00000000
00000000
00000000
00000000
00000000
00000000
00000000
00000000
00000000
00000000
00000000
00000000
00000000
00000000
00000000
00000000
00000000
00000000
00000000
00000000
00000000
00000000
00000000
00000000
00000000
00000000
00000000
00000000
00000000
00000000
00000000
00000000
00000000
00000000
00000000
00000000
00000000
00000000
00000000
00000000
00000000
00000000
00000000
10000197
01018193
10007117
7f810113
00001517
af450513
0ffff597
7e858593
0ffff617
7f060613
00c5fc63
00052283
0055a023
00450513
00458593
fec5e8e3
0ffff517
7d050513
82018593
00b57863
00052023
00450513
feb56ce3
251000ef
008000ef
0000006f
f7010113
08812423
10000437
400045b7
01840513
08112623
08912223
09212023
07312e23
07412c23
07512a23
07612823
07712623
07812423
07912223
07a12023
05b12e23
6a0000ef
10d000ef
00000593
00000513
45c000ef
000109b7
60011937
00198993
600104b7
60000737
02000893
01000813
c0090793
40070713
80090693
40048613
00100593
00000513
01312023
4c0000ef
60012a37
04000893
02000813
800a0793
60002737
40090693
80090613
00000593
00000513
01312023
494000ef
02000893
04000813
c00a0793
60007737
800a0693
40090613
00100593
00000513
01312023
46c000ef
01000893
02000813
c0090793
6000c737
40048693
800a0613
00000593
00000513
01312023
444000ef
00100593
00100513
398000ef
6000e737
c00a0793
40090613
00000593
01312023
01000893
01000813
40070713
800a0693
00100513
40c000ef
000025b7
40048793
c0058593
44048613
0007a683
00b78733
00478793
00d72023
fec798e3
020007b7
60012737
10078793
04f72023
28000693
04470713
20000793
00f72023
00178793
00470713
fed79ae3
60012937
600127b7
00001637
80078793
a4460613
84090593
0007a683
00c78733
00478793
00d72023
feb798e3
600137b7
00010a37
0007a9b7
60020d37
40090913
00000d93
00200493
60012cb7
40078c13
0a100b93
01000b13
001a0a13
12098993
00006ab7
000d8593
01840513
51c000ef
03010593
01840513
03212c23
03a12e23
02912823
03912a23
05812023
05712223
05612423
05412623
02012023
02012223
02012423
02012623
604000ef
00098593
01840513
6d0000ef
00400613
02010593
03010513
77c000ef
015d0d33
60050737
001dcd93
04090913
f8ed16e3
600137b7
80078493
60012a37
40078913
0007a9b7
000107b7
00200c93
400a0a13
08000c13
01000b93
00178a93
12098993
00005b37
000d8593
01840513
470000ef
03010593
01840513
02912c23
03a12e23
03912823
03412a23
05212023
05812223
05712423
05512623
02012023
02012223
02012423
02012623
558000ef
00098593
01840513
624000ef
00400613
02010593
03010513
6d0000ef
016d0d33
60064737
000d8e13
04048493
001dcd93
f8ed14e3
60013437
000d8593
02000893
04000813
00090793
c0040693
80040613
00200513
01512023
01c12e23
204000ef
01c12e03
000107b7
00478d93
01b12023
00200893
02000813
00090793
60069737
600136b7
c0040613
000e0593
00200513
1d0000ef
0000006f
f8010113
00112223
00212423
00312623
00412823
00512a23
00612c23
00712e23
02812023
02912223
02a12423
02b12623
02c12823
02d12a23
02e12c23
02f12e23
05012023
05112223
05212423
05312623
05412823
05512a23
05612c23
05712e23
07812023
07912223
07a12423
07b12623
07c12823
07d12a23
07e12c23
07f12e23
34202573
341025f3
01f55613
00060663
648000ef
0080006f
678000ef
00412083
00812103
00c12183
01012203
01412283
01812303
01c12383
02012403
02412483
02812503
02c12583
03012603
03412683
03812703
03c12783
04012803
04412883
04812903
04c12983
05012a03
05412a83
05812b03
05c12b83
06012c03
06412c83
06812d03
06c12d83
07012e03
07412e83
07812f03
07c12f83
08010113
30200073
0000006f
0000006f
fc010113
02812c23
10000437
02912a23
00050493
01840513
02112e23
254000ef
00048593
01840513
480000ef
01840793
0087a603
0107a703
00c7a683
000107b7
00178793
00048593
01010513
288000ef
01010593
01840513
00012023
00012223
00012423
00012623
32c000ef
0007a5b7
12058593
01840513
3f4000ef
00010593
01010513
00400613
4a0000ef
03c12083
03812403
03412483
04010113
00008067
fa010113
04812c23
10000437
03712e23
00050b93
01840513
04112e23
04912a23
05212823
05312623
05412423
05512223
05612023
00068a93
00060b13
00070a13
00080913
00088493
00078993
184000ef
06012783
01010593
01840513
02f12623
01712823
01612a23
01512c23
01412e23
03312023
03212223
02912423
00012023
00012223
00012423
00012623
268000ef
0007a5b7
12058593
01840513
330000ef
00010593
01010513
00400613
3dc000ef
05c12083
05812403
05412483
05012903
04c12983
04812a03
04412a83
04012b03
03c12b83
06010113
00008067
ff010113
0330000f
10000e37
010e0e13
000e2e83
60700737
001ef793
00078463
60702737
00001837
80080813
01070333
80418793
000018b7
00072503
0007a683
010705b3
01170633
00a6c6b3
00d7a023
0005a683
0007a583
01070713
00b6c6b3
00d7a023
00062683
0007a603
00c6c6b3
00d7a023
fce312e3
001ece93
01de2023
0330000f
00012623
00c12683
7ff00793
7ff00713
00d7ee63
00000013
00c12783
00178793
00f12623
00c12783
fef776e3
01010113
00008067
600107b7
10078693
40078713
00f52223
600117b7
8001a223
80078793
10000637
00b52023
00050a23
00062823
00d52423
00e52623
00f52823
00008067
0015f593
00b50a23
02059863
600107b7
60011737
40078693
80070713
10078793
60010637
00c52223
00f52423
00d52623
00e52823
00008067
600117b7
60012737
40078693
80070713
10078793
60011637
00c52223
00f52423
00d52623
00e52823
00008067
06058863
00100813
0b058063
00200813
0b058263
00300813
03058463
00b52023
00c52223
00d52423
00e52823
00f52e23
00052623
00052a23
00052c23
00008067
00d52423
600706b7
00b52023
00c52223
00d52623
00e52823
00f52e23
00000893
00000813
01052a23
01152c23
00008067
01000893
00100813
10000337
00259e13
00030313
01c30333
00032303
00b52023
00c52223
00d52423
00652623
00e52823
00f52e23
fc1ff06f
01000893
00300813
fc9ff06f
00200893
0a100813
fbdff06f
00452783
0005a703
ff010113
00812423
00912223
00112623
00e7a023
0045a703
00058413
00050493
00e7a223
0085a703
00e7a423
00c5a703
00e7a623
0105a703
00e7a823
0145a703
00e7aa23
0185a703
00e7ac23
01c5a703
00e7ae23
0185a683
0085a783
00269713
00f70733
00068863
0007a023
00478793
fee79ce3
d6dff0ef
0004a783
00200713
00c12083
00e7a023
0004a783
00000513
0007a423
00042703
0004a783
00812403
00e7a623
0044a703
0004a783
00e7a823
0004a783
00100713
0007aa23
0004a783
00412483
00e7a023
01010113
00008067
02058463
00052783
fff58593
0047a783
0047f713
0027f793
00071c63
fe0782e3
00000513
00008067
ffe00513
00008067
fff00513
00008067
cd9ff06f
06058663
00100793
02f58863
00200793
00f58463
00008067
00852703
10000793
1a100693
00f72023
00178793
00470713
fed79ae3
00008067
00852703
000107b7
00278793
00f72023
00852703
000307b7
00478793
00f72223
00852703
000507b7
00678793
00f72423
00008067
00852703
020007b7
10078793
00f72023
00008067
ff010113
00812423
01852403
00912223
01212023
00112623
00050493
00058913
00867463
00060413
c2dff0ef
02040463
00241613
00000793
0084a703
00f906b3
00e78733
00072703
00478793
00e6a023
fef614e3
00c12083
00812403
00412483
00012903
01010113
00008067
000017b7
bf078793
30579073
000027b7
88878793
30079073
00008067
800007b7
00778713
00e50c63
00b78713
02e50063
00378793
00f50863
00008067
00000317
00000067
00000317
00000067
00000317
00000067
0000006f
60000000
6000e000
60020000
00000000
