00
00
00
00
00
00
00
00
00
00
00
00
00
00
00
00
00
00
00
00
00
00
00
00
00
00
00
00
00
00
00
00
00
00
00
00
00
00
00
00
00
00
00
00
00
00
00
00
00
00
00
00
00
00
00
00
00
00
00
00
00
00
00
00
00
00
00
00
00
00
00
00
00
00
00
00
00
00
00
00
00
00
00
00
00
00
00
00
00
00
00
00
00
00
00
00
00
00
00
00
00
00
00
00
00
00
00
00
00
00
00
00
00
00
00
00
00
00
00
00
00
00
00
00
00
00
00
00
00
00
00
00
00
00
00
00
00
00
00
00
00
00
00
00
00
00
00
00
00
00
00
00
00
00
00
00
00
00
00
00
00
00
00
00
00
00
00
00
00
00
00
00
00
00
00
00
00
00
00
00
00
00
00
00
00
00
00
00
00
00
00
00
00
00
00
00
00
00
00
00
00
00
00
00
00
00
00
00
00
00
00
00
00
00
00
00
00
00
00
00
00
00
00
00
00
00
00
00
00
00
00
00
00
00
00
00
00
00
00
00
00
00
00
00
00
00
00
00
00
00
00
00
00
00
00
00
00
00
00
00
00
00
00
00
00
00
00
00
00
00
00
00
00
00
00
00
00
00
00
00
00
00
00
00
00
00
00
00
00
00
00
00
00
00
00
00
00
00
00
00
00
00
00
00
00
00
00
00
00
00
00
00
00
00
00
00
00
00
00
00
00
00
00
00
00
00
00
00
00
00
00
00
00
00
00
00
00
00
00
00
00
00
00
00
00
00
00
00
00
00
00
00
00
00
00
00
00
00
00
00
00
00
00
00
00
00
00
00
00
00
00
00
00
00
00
00
00
00
00
00
00
00
00
00
00
00
00
00
00
00
00
00
00
00
00
00
00
00
00
00
00
00
00
00
00
00
00
00
00
00
00
00
00
00
00
00
00
00
00
00
00
00
00
00
00
00
00
00
00
00
00
00
00
00
00
00
00
00
00
00
00
00
00
00
00
00
00
00
00
00
00
00
00
00
00
00
00
00
00
00
00
00
00
00
00
00
00
00
00
00
00
00
00
00
00
00
00
00
00
00
00
00
00
00
00
00
00
00
00
00
00
00
00
00
00
00
00
00
00
00
00
00
00
00
00
00
00
00
00
00
00
00
10
01
10
7f
00
af
0f
7e
0f
7f
00
00
00
00
00
fe
0f
7d
82
00
00
00
fe
25
00
00
f7
08
10
40
01
08
08
09
07
07
07
07
07
07
07
07
05
6a
10
00
00
45
00
60
00
60
60
02
01
c0
40
80
40
00
00
01
4c
60
04
02
80
60
40
80
00
00
01
49
02
04
c0
60
80
40
00
00
01
46
01
02
c0
60
40
80
00
00
01
44
00
00
39
60
c0
40
00
01
01
01
40
80
00
40
00
40
c0
44
00
00
00
00
fe
02
60
10
04
28
04
20
00
00
00
fe
60
60
00
80
a4
84
00
00
00
00
fe
60
00
00
60
40
00
00
60
40
0a
01
00
12
00
00
01
51
03
01
03
03
02
03
05
05
05
05
02
02
02
02
60
00
01
6d
00
02
03
77
01
60
00
04
f8
60
80
60
40
00
00
00
40
08
01
00
12
00
00
01
47
03
01
02
03
03
03
05
05
05
05
02
02
02
02
55
00
01
62
00
02
03
6d
01
60
00
04
00
f8
60
00
02
04
00
c0
80
00
01
01
20
01
00
00
01
00
02
00
60
60
c0
00
00
1d
00
f8
00
00
00
00
00
00
00
02
02
02
02
02
02
02
02
05
05
05
05
05
05
05
05
07
07
07
07
07
07
07
07
34
34
01
00
64
00
67
00
00
00
01
01
01
01
02
02
02
02
03
03
03
03
04
04
04
04
05
05
05
05
06
06
06
06
07
07
07
07
08
30
00
00
fc
02
10
02
00
01
02
25
00
01
48
01
00
01
00
00
00
00
01
28
01
01
00
00
00
00
32
00
12
01
3f
00
01
00
4a
03
03
03
04
00
fa
04
10
03
00
01
04
04
05
05
05
05
05
00
00
00
00
00
00
18
06
01
01
02
01
01
01
01
03
03
02
00
00
00
00
26
00
12
01
33
00
01
00
3d
05
05
05
05
04
04
04
04
03
06
00
ff
03
10
01
00
60
00
00
60
00
80
01
80
00
00
00
01
01
00
00
00
00
01
00
00
00
00
00
00
fc
00
01
03
00
00
7f
7f
00
00
00
00
00
00
fe
01
00
60
10
40
00
60
80
80
10
00
00
00
00
00
00
00
00
00
02
60
60
40
80
10
60
00
00
00
00
00
60
60
40
80
10
60
00
00
00
00
00
06
00
0b
00
0b
00
03
00
00
00
00
00
00
00
00
00
00
60
00
00
00
00
00
00
00
01
01
00
01
00
10
00
00
01
00
00
00
00
00
00
00
fc
01
00
fc
00
0a
fb
00
00
ff
00
00
00
00
00
00
00
00
00
00
00
00
01
00
01
00
01
00
01
00
01
00
00
00
00
00
00
fe
d6
00
00
00
00
00
00
00
00
00
00
00
00
00
00
00
00
00
00
00
00
01
00
02
00
ff
00
00
00
00
fe
00
00
ff
00
ff
00
cd
06
00
02
00
00
00
00
10
1a
00
00
00
fe
00
00
00
00
00
00
00
00
00
00
00
00
00
00
00
02
10
00
00
ff
00
01
00
01
00
00
00
00
00
c2
02
00
00
00
00
00
00
00
00
fe
00
00
00
00
01
00
00
bf
30
00
88
30
00
80
00
00
00
02
00
00
00
00
00
00
00
00
00
00
60
60
60
00
