00
00
00
00
00
00
00
00
00
00
00
00
00
00
00
00
00
00
00
00
00
00
00
00
00
00
00
00
00
00
00
00
00
00
00
00
00
00
00
00
00
00
00
00
00
00
00
00
00
00
00
00
00
00
00
00
00
00
00
00
00
00
00
00
00
00
00
00
00
00
00
00
00
00
00
00
00
00
00
00
00
00
00
00
00
00
00
00
00
00
00
00
00
00
00
00
00
00
00
00
00
00
00
00
00
00
00
00
00
00
00
00
00
00
00
00
00
00
00
00
00
00
00
00
00
00
00
00
00
00
00
00
00
00
00
00
00
00
00
00
00
00
00
00
00
00
00
00
00
00
00
00
00
00
00
00
00
00
00
00
00
00
00
00
00
00
00
00
00
00
00
00
00
00
00
00
00
00
00
00
00
00
00
00
00
00
00
00
00
00
00
00
00
00
00
00
00
00
00
00
00
00
00
00
00
00
00
00
00
00
00
00
00
00
00
00
00
00
00
00
00
00
00
00
00
00
00
00
00
00
00
00
00
00
00
00
00
00
00
00
00
00
00
00
00
00
00
00
00
00
00
00
00
00
00
00
00
00
00
00
00
00
00
00
00
00
00
00
00
00
00
00
00
00
00
00
00
00
00
00
00
00
00
00
00
00
00
00
00
00
00
00
00
00
00
00
00
00
00
00
00
00
00
00
00
00
00
00
00
00
00
00
00
00
00
00
00
00
00
00
00
00
00
00
00
00
00
00
00
00
00
00
00
00
00
00
00
00
00
00
00
00
00
00
00
00
00
00
00
00
00
00
00
00
00
00
00
00
00
00
00
00
00
00
00
00
00
00
00
00
00
00
00
00
00
00
00
00
00
00
00
00
00
00
00
00
00
00
00
00
00
00
00
00
00
00
00
00
00
00
00
00
00
00
00
00
00
00
00
00
00
00
00
00
00
00
00
00
00
00
00
00
00
00
00
00
00
00
00
00
00
00
00
00
00
00
00
00
00
00
00
00
00
00
00
00
00
00
00
00
00
00
00
00
00
00
00
00
00
00
00
00
00
00
00
00
00
00
00
00
00
00
00
00
00
00
00
00
00
00
00
00
00
00
00
00
00
00
00
00
00
00
00
00
00
00
00
00
00
00
00
00
00
00
00
00
00
00
00
00
00
00
00
01
00
81
00
45
ff
85
ff
06
c5
05
55
45
45
c5
ff
05
01
b5
05
45
b5
10
80
00
01
81
00
00
84
11
91
21
31
41
51
61
71
81
91
a1
b1
00
d0
00
00
c0
01
01
19
01
00
00
00
09
07
09
04
10
00
31
00
01
00
00
0a
00
09
09
00
00
31
40
00
00
0a
00
0a
09
10
00
31
c0
00
00
09
00
04
0a
00
00
31
40
10
10
80
00
0a
09
00
31
00
00
07
0a
10
c0
00
04
05
04
07
b7
47
d7
c7
00
01
07
f7
00
47
00
f7
17
47
d7
01
01
00
07
46
09
07
c7
47
d7
b7
01
01
07
02
09
00
20
01
07
10
00
1a
09
00
0d
84
c0
01
84
21
a1
91
91
81
71
61
41
01
01
01
01
40
09
84
00
40
01
01
c0
5d
05
1d
09
ed
01
07
01
07
07
01
20
0a
00
00
17
09
00
0d
84
00
01
84
91
a1
91
41
21
81
71
51
01
01
01
01
80
09
84
40
40
01
01
00
6d
06
0d
04
1d
ed
01
0d
00
00
09
04
04
20
51
c1
40
c1
01
47
b1
20
00
09
06
01
04
0e
20
00
00
01
11
21
31
41
51
61
71
81
91
a1
b1
c1
d1
e1
f1
01
11
21
31
41
51
61
71
81
91
a1
b1
c1
d1
e1
f1
20
10
f5
06
80
80
80
41
81
c1
01
41
81
c1
01
41
81
c1
01
41
81
c1
01
41
81
c1
01
41
81
c1
01
41
81
c1
01
41
81
c1
01
20
00
00
01
81
00
91
05
84
11
40
04
84
00
84
87
07
c7
01
17
04
01
80
01
84
01
01
01
01
c0
07
05
84
40
01
01
40
00
c1
81
41
01
00
01
81
00
71
05
84
11
91
21
31
41
51
61
06
06
07
08
08
07
40
01
01
84
f1
71
61
51
41
31
21
91
01
01
01
01
80
07
05
84
00
01
01
40
c0
c1
81
41
01
c1
81
41
01
c1
01
00
01
30
00
0e
0e
70
1e
07
70
00
08
07
41
00
07
07
07
17
a6
d7
05
07
07
b6
d7
06
07
c6
d7
e3
1e
de
30
01
c1
f0
f0
d7
00
c1
17
f1
c1
f7
01
00
01
07
07
f5
01
01
07
00
b5
05
06
d5
e5
f5
00
15
b5
05
01
01
07
07
07
01
c5
f5
d5
e5
00
01
01
07
07
07
01
c5
f5
d5
e5
00
05
10
05
20
05
30
05
b5
c5
d5
e5
f5
05
05
05
00
d5
07
b5
c5
d5
e5
f5
00
00
05
15
00
00
10
00
25
03
c3
03
b5
c5
d5
65
e5
f5
1f
00
30
9f
20
10
df
45
05
01
81
91
11
e7
45
05
05
e7
85
e7
c5
e7
05
e7
45
e7
85
e7
c5
e7
85
85
26
f7
06
07
47
e7
df
04
20
c1
e7
04
00
07
04
04
81
e7
44
04
e7
04
10
07
04
41
e7
01
00
05
05
f5
47
47
27
07
07
00
00
e0
00
f0
00
9f
05
10
f5
20
f5
00
85
00
10
f7
17
47
d7
00
85
01
27
f7
85
03
47
f7
85
05
67
f7
00
85
00
07
f7
00
01
81
85
91
21
11
05
05
86
06
df
04
24
00
84
f9
e7
07
47
e6
f6
c1
81
41
01
01
00
00
07
57
00
87
07
00
00
77
e5
b7
e5
37
f5
00
00
00
00
00
00
00
00
00
00
02
00
