00
00
00
00
00
00
00
00
00
00
00
00
00
00
00
00
00
00
00
00
00
00
00
00
00
00
00
00
00
00
00
00
00
00
00
00
00
00
00
00
00
00
00
00
00
00
00
00
00
00
00
00
00
00
00
00
00
00
00
00
00
00
00
00
00
00
00
00
00
00
00
00
00
00
00
00
00
00
00
00
00
00
00
00
00
00
00
00
00
00
00
00
00
00
00
00
00
00
00
00
00
00
00
00
00
00
00
00
00
00
00
00
00
00
00
00
00
00
00
00
00
00
00
00
00
00
00
00
00
00
00
00
00
00
00
00
00
00
00
00
00
00
00
00
00
00
00
00
00
00
00
00
00
00
00
00
00
00
00
00
00
00
00
00
00
00
00
00
00
00
00
00
00
00
00
00
00
00
00
00
00
00
00
00
00
00
00
00
00
00
00
00
00
00
00
00
00
00
00
00
00
00
00
00
00
00
00
00
00
00
00
00
00
00
00
00
00
00
00
00
00
00
00
00
00
00
00
00
00
00
00
00
00
00
00
00
00
00
00
00
00
00
00
00
00
00
00
00
00
00
00
00
00
00
00
00
00
00
00
00
00
00
00
00
00
00
00
00
00
00
00
00
00
00
00
00
00
00
00
00
00
00
00
00
00
00
00
00
00
00
00
00
00
00
00
00
00
00
00
00
00
00
00
00
00
00
00
00
00
00
00
00
00
00
00
00
00
00
00
00
00
00
00
00
00
00
00
00
00
00
00
00
00
00
00
00
00
00
00
00
00
00
00
00
00
00
00
00
00
00
00
00
00
00
00
00
00
00
00
00
00
00
00
00
00
00
00
00
00
00
00
00
00
00
00
00
00
00
00
00
00
00
00
00
00
00
00
00
00
00
00
00
00
00
00
00
00
00
00
00
00
00
00
00
00
00
00
00
00
00
00
00
00
00
00
00
00
00
00
00
00
00
00
00
00
00
00
00
00
00
00
00
00
00
00
00
00
00
00
00
00
00
00
00
00
00
00
00
00
00
00
00
00
00
00
00
00
00
00
00
00
00
00
00
00
00
00
00
00
00
00
00
00
00
00
00
00
00
00
00
00
00
00
00
00
00
00
00
00
00
00
00
00
00
00
00
00
00
00
00
00
00
00
00
00
00
00
00
00
00
00
00
01
81
71
01
15
05
f5
85
f6
06
fc
22
a0
05
85
e8
f5
05
85
78
20
05
6c
00
00
00
01
24
04
45
05
26
22
20
2e
2c
2a
28
26
24
22
20
2e
00
00
05
05
00
09
19
89
04
07
08
08
07
07
06
86
05
05
20
00
2a
08
08
07
27
06
06
05
05
20
00
08
08
07
77
06
06
05
05
20
00
08
08
07
c7
86
06
05
05
20
00
05
05
00
e7
07
06
05
20
08
08
07
06
05
00
25
87
85
86
a6
87
87
20
98
07
27
87
20
06
07
07
20
87
07
9a
29
27
16
87
06
05
a6
87
87
20
98
37
0a
a9
0d
09
0d
04
2c
8c
0b
0b
0a
89
6a
85
05
00
05
05
2c
2e
28
2a
20
22
24
26
20
22
24
26
00
85
05
00
06
05
05
00
0d
07
cd
09
16
37
84
2a
89
a9
07
0c
0a
0c
0b
8a
89
5b
85
05
00
05
05
2c
2e
28
2a
20
22
24
26
20
22
24
26
00
85
05
00
06
05
05
00
0d
47
8e
84
cd
14
34
85
08
08
07
06
06
05
20
2e
00
2e
07
8d
20
08
08
07
97
36
06
05
05
00
00
01
22
24
26
28
2a
2c
2e
20
22
24
26
28
2a
2c
2e
20
22
24
26
28
2a
2c
2e
20
22
24
26
28
2a
2c
2e
25
25
56
06
00
00
00
20
21
21
22
22
23
23
24
24
25
25
26
26
27
27
28
28
29
29
2a
2a
2b
2b
2c
2c
2d
2d
2e
2e
2f
2f
01
00
00
00
01
2c
04
2a
04
05
2e
00
85
05
00
07
a6
a7
a6
07
87
85
05
00
05
05
20
22
24
26
00
a5
85
05
00
05
05
06
00
20
24
24
01
80
01
2c
04
2e
0b
05
2e
2a
28
26
24
22
20
8a
0b
0a
09
84
89
00
27
05
05
26
28
2a
2c
2e
20
22
24
20
22
24
26
00
a5
85
05
00
05
05
06
00
20
24
24
29
29
2a
2a
2b
2b
01
80
01
00
0e
0e
2e
07
f7
84
27
18
08
03
87
18
25
a6
05
06
c6
a0
a6
a5
07
c6
a0
26
a6
c6
a0
12
ce
20
00
26
26
07
07
ee
00
27
87
26
27
76
01
80
07
86
87
22
17
a2
87
06
20
0a
28
24
26
28
80
f5
0a
98
07
17
86
07
87
06
22
24
26
28
80
17
27
86
07
87
16
22
24
26
28
80
88
08
80
08
82
08
84
20
22
24
28
2e
26
2a
2c
80
24
06
20
22
26
28
2e
08
08
2a
2c
80
08
08
03
9e
03
03
23
20
22
24
26
28
2e
f0
08
08
f0
08
08
f0
27
a7
01
24
22
26
a0
a7
84
04
a2
a7
a4
a7
a6
a7
a8
a7
aa
a7
ac
a7
ae
a6
a7
97
07
88
a0
87
9c
f0
a7
07
20
a0
a7
05
a4
27
a7
24
a6
a7
a7
a8
a7
07
aa
a7
24
a0
01
80
84
27
85
a7
f7
f7
1c
82
05
80
05
80
05
80
f0
86
07
88
07
84
80
27
07
06
20
87
07
9a
80
27
07
87
20
27
07
87
22
27
07
87
24
80
27
07
87
20
80
01
24
24
22
20
26
04
89
74
04
f0
04
16
07
a7
06
87
27
87
a0
14
20
24
24
29
01
80
17
87
90
27
87
90
80
07
87
0c
87
00
87
08
80
03
00
03
00
03
00
00
00
e0
00
00
